3901387.8036983293
3588156.6903065196
3424508.6912858533
3780627.7153828125
4124517.169492192
3632281.139313952
3472968.4524302394
3636374.9859115854
3461246.5856295233
3227008.270821312
3481530.3013953334
3341861.873346719
3226288.421894711
3628447.5972144124
3369757.931693835
3644432.086751008
3527352.238705554
3544612.056216143
3616278.1073251483
3310186.3324625716
3495195.080081999
3773077.6150552337
2188020.49099085
3406541.3197969543
3923687.287762987
3407731.431078468
3687689.2507341434
3959131.5839154236
3934139.363867446
3694640.780804059
