5656588.760468786
5693986.044364802
5941192.96853974
5785087.307936333
5818875.986737143
5623295.9725425
5405100.581193057
5444743.879326012
5548094.551515232
5613812.672323795
5692672.267538919
5557725.128531298
5567389.1978709
5780941.092152053
5527840.160261479
5812747.204013471
5606234.043975139
5655902.26273632
5535792.627397152
5433458.558955359
5769807.68701681
5825260.4094330715
5756346.069389547
5732429.477367155
5720233.484261633
5627672.078357709
5668514.589217899
5729297.344552508
5615766.923736076
5765762.5953673795
