4214703.163310423
4233634.464172159
4301276.7528432105
4037837.7858002405
3946131.7728080987
4240954.499494439
4157180.3792136223
4180633.329014124
4133500.211883198
4125937.220260287
4255713.952332153
4300130.204328525
4098201.182275636
4152570.6648185733
4215380.904522613
3985730.711848945
4364474.875391515
4083080.876912893
4135823.4563275287
4100805.6315995306
4143177.1934330366
4226808.154709718
4172897.0381940645
4193926.546610805
3980661.877058282
4075899.1302657793
3232953.07393476
4392401.298565295
4290540.830835643
4274319.256481331
