1501472.725580463
48447.58349094405
1260444.0384176173
48845.21579251441
1369675.9909348
1496383.8228158804
1440134.045679911
49052.893992847734
49954.68197705205
48475.20471892833
51070.79562508181
1459467.0582422249
1521080.7086257231
49748.411552513564
50034.69011279297
49828.446464260305
52210.988807442554
1341185.8754009036
48966.118112333024
1354132.6463077215
50599.55645959549
49882.871755960325
1477663.6709213061
50336.07757482659
1357489.764544057
50046.66626734056
48425.561717160956
51146.10055101844
49526.55618896566
50080.374727840535
