4751460.226114145
4554768.368698825
4638228.886750932
4556846.7254791185
4110249.399774609
4648355.3506516535
4323891.01367999
4401620.316927275
4704349.58164158
4180175.008471367
4358216.523446836
3981984.5820833175
4403191.400016797
4224253.960580516
4630854.669713932
4298631.793631435
4056779.1856078925
4765009.145337014
4479706.073972807
4550271.759766536
4559472.122272831
4412177.315857019
4617446.827249108
4128170.7053010766
4393873.745521591
4485358.941728781
4528263.42780027
4276454.694684897
4719063.906390639
3976736.7333200597
4367701.759866708
4174558.3390562637
4455200.543847723
4260512.362107145
4191830.8198163086
4560810.752033404
3713153.5615007346
4067046.1266956916
4083001.382318011
4420873.781291173
4025475.555214312
4605987.129647932
4612927.137750894
4403977.362215059
4688678.232874262
4339369.109324725
4604874.621228755
4065272.258514742
4362840.529660797
4532863.580853984
4038654.2646407457
4191328.157008524
4434475.175505371
4676184.848653771
4559571.253084608
4502645.139127447
4358488.252470566
4503563.720700503
4127723.814866208
4262850.638263273
