1599707.0848843595
1757792.567012556
1790929.8581963049
1884978.7876608903
1873787.1971622715
1786064.2578831946
1538714.1625547993
1341327.4149498877
1784195.2348339509
2048700.239339618
1689419.1381122896
1602769.6787432507
2171223.282274805
1373384.9816142162
1642126.8582211973
1808450.898554724
1922793.1198885099
1550792.3479083937
1935016.9313243341
1953128.3178423082
2106547.2005142937
1376562.7153800207
1434469.9275634931
2261482.635724954
2120863.2511478327
1752746.1460348768
1636431.1687500975
1834241.0579576415
1609671.1427683262
1370360.6655928488
