3257534.7359755198
3461989.385322691
3057763.780446019
3295155.043327284
3191769.2717449204
3007596.606839384
2831482.9441507854
3447420.375621584
3142742.394725011
3063973.5263823043
2663100.884461291
3190676.6574112815
3220219.7329729977
2989546.611166152
3150982.2629234246
3224874.481973843
3006561.771979499
2808767.218691614
3519006.628072825
3232056.221681102
3395702.65062582
3363165.0269017667
2929658.3709933157
3330530.829396117
3358775.104904065
2970259.896607889
3403666.3447727403
3172120.0387221687
3196293.360970554
3066998.1573020564
