4534872.959238837
4145716.206064919
4461028.919071271
4204436.692428754
4356224.878742873
4238040.578772937
4379010.670063268
4335153.125032299
4303969.1335221445
3948211.9492059904
4478558.081428251
4222255.330286496
4482434.916427991
3944387.601564851
4321663.421017382
4180925.0398724084
4342873.709605608
4369794.965827638
4225445.533582503
4344358.12980341
4327415.294457513
4372391.506041052
4497334.391284768
4295638.10284614
4267317.807689569
4378370.704413545
4079903.5057001673
4339863.005194214
4383953.843259402
4473685.670097595
