825733.2921218469
793118.4845235867
810027.0761957365
801672.8020581276
820454.7188375973
799464.7748261185
902726.9244510639
801962.5051385742
1066143.3775028025
820324.7421269006
1161541.742130945
804810.862048454
1155863.2244978945
1180177.6047001092
778853.2708909368
1038754.5754887538
1169095.0901007624
803755.9549132106
803874.5709242354
1163765.5101995517
1110435.5906670867
1128174.3406011115
825434.2859054618
1062198.6983057715
836698.7703773449
826296.1408817521
1104906.916890363
1153120.8159786658
1171887.9047805315
1067847.986537027
