4777438.093719388
243247.47215528664
4960855.372096324
240746.593257862
229550.29682303304
238550.871523447
233417.06948690923
240316.08958316143
226688.86910774614
5033607.757482658
5002688.42213237
5196887.545224761
5000183.589046649
5058802.812654533
226574.86206080668
230795.35537377442
228757.4256237742
234004.7790645062
4587749.387469374
4741201.605154581
4986926.021924714
228006.0753724536
4967023.909619506
234714.13286296913
5010457.407031334
4938251.6041678935
224087.61970909187
5133912.702881344
4534431.723586201
5142284.06792129
