3797262.258274788
3407316.181547885
3076920.368264681
3286170.7211971637
3646459.8692446793
3561043.614103903
3287226.672100569
3514995.8936024
3318278.481012658
3706361.507533248
3651539.211589358
3168070.8194542006
3562525.693512494
3312513.0311167273
3593382.6238187845
3783833.7182448036
3337500.7957221973
3913290.6018790645
2944135.670314397
3646237.970634003
3346848.493069797
3654211.5351106464
3427671.0851053395
3620304.6912088385
3415334.5058953813
3308541.318272174
3756182.8342169365
3688564.8705929946
3461446.5388043444
3645825.9448558814
