3269163.438530308
2461763.8427496506
3031289.2524951757
3437306.0816403464
2783472.917192042
3258142.0459400467
2883238.0114386273
3217058.223459659
2919970.482170953
3171040.8334530387
3363380.7786375848
2626315.0973995477
3240521.350814707
3069175.100066589
2892264.408556179
1857596.3718820862
3206727.9830577155
2724122.388272964
2308418.4572032406
2892423.9707606374
3029472.0115565187
3219181.677936312
2861072.7221877365
3046481.256854812
2974979.075936618
3290192.110073032
3177286.397139589
3159313.0460982225
2815214.7502802256
3343940.0462409314
