48391.98869504781
1446152.148728416
48209.90316419788
1407375.940783094
1420560.3931490192
1485608.6338987492
49903.395029082625
1434062.8493864476
50347.21938801232
49318.95042675908
1485124.6897362447
53025.43557288667
50777.20784338412
1359104.1061800083
1499642.099918838
1435972.7205499713
52434.02373961506
48066.10409488024
1389827.2285659374
49857.78366951416
1497361.4219975509
48470.93041262252
1440445.6334719642
49300.84039263381
1379823.2743589913
49861.369523834655
1285874.4937657695
1431688.7514421665
1488582.329246003
50661.29700671896
