3250541.717686811
3491093.1140391035
3728104.528687614
3453978.292735148
3204033.3977556587
3814633.525233509
3563736.4691488096
3639056.724912804
3510465.349849347
3635713.0473978017
3334741.1270830682
3746453.007485217
3601002.7816889314
3658323.08484008
3723239.7116784435
3580743.5864600674
3489002.2043838124
3511817.40542894
3533027.283371379
3702043.3021174436
3594706.8906410695
3386463.2029389204
3705870.295105142
3755106.71823521
3881350.693576895
3702991.136066674
3632753.0357359387
3457651.3746341867
3489321.4868057636
3700279.6622879375
