5979817.795583182
6076851.972588053
5966377.9001123775
6191311.535906709
5950211.377500354
5772269.242943452
5676416.294491813
5914551.223295495
5960866.352111875
5831091.338801613
5836202.9860714935
5928344.876325089
6002925.3910778435
5842381.356994609
6024135.008976661
5920144.534778682
6003612.785022114
5896922.40639982
5724449.2971202405
6002667.658928929
5965953.573054165
5798523.515912295
5749087.121004441
5872319.215960798
5728436.607984266
6059206.610615122
5812908.322361583
5699789.364969356
5924911.358788546
5925581.001087832
