4160438.034399984
4130691.353161316
4165768.4858717783
4252089.901764986
4054426.2928951182
4177219.1735800575
4138557.6287408606
4082802.659372536
4088852.494175221
4103654.2770206146
4028568.6843267954
4082564.2173705674
4123827.7831853624
4123949.4228462433
4080697.384806974
4199511.394128719
4026016.5098867347
4147109.8894579685
4158210.7308561685
4036905.0712711383
4054073.5943707167
4052271.87092411
4052311.021796259
4037682.303449205
4059566.972192917
4127967.5612900686
4098041.0165219004
4149694.781103141
4205237.617806297
4076374.4861166454
