1442402.3164801607
49438.13284975327
1481138.9182183833
45675.69925091402
50061.47423339823
49891.5585533258
49541.906414869336
1086334.2631514878
51600.94666234106
50454.87292705228
1475153.5187985792
1505660.7160164986
52017.787950730795
51233.29038143315
1441009.8018669242
1479414.9080635319
48709.45556902433
1330802.643644244
1525562.0419371852
50598.51265148596
48964.6890249647
1479743.7272445033
1278334.2019524118
1491732.4038837713
1381691.444609521
1508205.35133172
1445917.8361756625
50575.675634938576
50672.20371987237
1462066.7538126362
