1426401.1317880074
1441143.485431556
1485934.9481164997
1447055.2111257163
1370987.7652950156
1478299.0571856552
1476930.0111272307
1471009.4658244806
1486387.8149131231
1490391.3326202903
1480474.9601140807
1453614.8858229103
1468794.4081999992
1406257.6275732582
1479060.1560764373
1433587.4001107411
1463786.304085322
1519521.207993392
1422222.2222222222
1484867.0655290827
1469937.162462895
1410779.53878858
1434729.9899774578
1473717.793307965
1423699.4494341596
1504348.449851513
1486688.1229530277
1413742.0326883083
1407862.5134264233
1495866.159283577
