1191221.836916112
1137336.5908949166
1129824.5046937924
1129398.5863345675
1139545.9534651206
1140351.48773273
1130829.7272886587
1148589.4241038421
1149203.0961024729
1164932.3560535153
1175279.9984308318
1178453.3429236112
1142276.9807292176
1159326.4563777682
1196038.587556283
1143940.608857397
1138024.7449533318
1170912.9891013042
1172087.6682623117
1153517.2299991748
1156755.8026652546
1173642.2525358517
1173753.9213244491
1207998.5945145746
1193564.2127429498
1159893.9191562203
1165822.7988837375
1166062.6414380954
1170994.714992057
1171714.395063177
