133736.5332544279
129873.99358046618
25930.57526774593
131422.89914070567
4322598.730315772
4149530.565201476
4357854.270782466
3851377.3598765885
4166389.192410847
115284.44388495259
127623.80422211261
129638.48197355184
126216.45305112329
126731.02669769952
4175306.356079837
4205617.11002597
131203.2442452591
130760.09630777586
4045198.0016588545
33309.08791730923
3973045.117411361
4309142.651666923
4343458.36008533
125689.08978507045
126757.30033167872
127572.64254844535
4281431.123360384
4164362.235526564
4251443.399286409
4029071.766841817
