3345833.964852942
3514230.176285274
3704757.36216369
3434210.246207004
3141941.959938274
4124111.620223791
3539676.2705284655
3667920.7002999536
3520394.81967048
3606421.268948676
3353886.996433655
3787113.550996822
3595631.375910844
3554314.187414199
3795921.987420245
3609027.939113899
3509613.50191199
3595138.2579329023
3400162.1323648626
3839215.004256332
3565887.624019112
3451533.9038841343
3727143.7965414897
3798328.2771111615
3994993.7612511786
3704528.311885604
3693502.0561998608
2058281.3565809685
3729662.629603941
3884478.032155294
