4910213.064856006
5009320.434730682
5158220.702716663
4672121.9074777495
4776839.587722795
4852777.359975009
5085422.602664986
5187567.560882094
5329213.25472657
5448209.3914398905
4860425.285358364
4682606.171571474
4325585.520548652
5118250.597940157
5066930.827031337
5125130.135145043
5235680.938709275
5069625.546933546
5237249.95629698
5156191.529903498
4867137.021908652
5379864.807665175
4943897.781654447
4942383.10708899
5186861.891571033
5001793.5508490745
4921216.956669678
4838613.815698399
4371571.212673928
4931806.316581614
5068032.866118898
4576386.509694384
4838390.550018457
4602247.191011236
4705933.040122071
4977988.772446206
4400511.9919424215
4806839.565880101
4782286.072629838
4865217.492170282
4969790.037442532
4722889.829745068
5184681.945165517
5139763.494883892
5181287.445491717
4787089.263499092
4961266.131226269
4970261.174574584
4844649.787469968
4646501.528780963
4974859.447277903
4692035.081439055
5205853.367920664
4782122.497377662
4966318.157598721
4889548.967720125
5065401.012040626
5025224.944587552
5051856.669677808
4994586.613001179
