4964495.892810643
4955170.417626558
4735313.576065482
5008124.179104477
4301806.135321689
4933894.835901659
4752106.229181301
4708733.090092619
4891145.499282824
4531296.522368549
4757604.355716879
4454443.500424809
4640589.491386655
4715191.168369813
4907914.8139480455
4547213.217836273
4155409.368312594
4801392.0051284395
4503370.303960832
4809816.176048989
4720285.402388107
4673944.148521251
4802821.481735944
4480663.184095547
4689936.488057965
4717949.179424304
4806509.058822181
4568908.835415736
4735473.964684099
4080975.315488874
4676289.11955225
4590611.489925247
4685116.840176936
4584089.095817349
4502790.153410128
4650571.577465101
4082882.1462294
4344043.168000994
4437853.394277975
4698342.145353526
4258868.445635839
4764900.880431696
4876984.256180089
4676758.39614647
4760250.139029179
4460222.463259533
4627380.545227877
4224253.960580516
4484351.8795706285
4790479.12740563
4191663.2521511447
4346068.719691631
4721879.608677542
4888352.252861239
4860143.684820394
4616786.095609197
4742112.879884225
4698447.406743587
4692455.02550792
4342648.885943841
