4121032.0501483623
4237184.305168304
4257571.512678401
4069848.0467309672
4084790.759731596
4065745.1387138674
4157345.201161673
4104738.603667965
4110007.7412274256
3971013.889020384
4134518.857323108
4092602.8199248672
3937093.6705058524
4068939.959837409
4060981.962181579
4205870.142892956
4183218.471051713
4063578.6740556303
4140845.6822422524
4062240.559413468
4049533.188510741
4225360.3989321515
4046720.1173212924
4123706.150700016
4114361.947362742
4102369.89074833
3191526.403895906
4154051.24345096
4157345.201161673
4131749.3153653685
