6053522.305771645
6354909.774094332
6081874.601241227
6229472.746175554
5976154.109198677
5661398.9147747215
6033493.965504841
6047238.281982151
6081257.340041467
5929015.295015691
6016271.731023008
5951562.278287028
5883356.945476988
6034362.00670436
5881376.989413167
6050465.941548138
5907304.0196050815
5692595.005428881
6087082.21464335
6219219.762459038
6148383.124688499
5977346.444349437
5906222.629022038
5903562.430503751
5992633.338572102
6225866.496459796
5978624.474378163
6087082.21464335
5898415.109198554
5947005.444646098
