2388963.946004443
2720606.09205542
2888440.1900695544
2791048.530380564
2935933.5297946953
3123155.3943870673
2642930.327223234
3035633.1738667865
2973671.3742839317
3191210.7309427615
3101194.842067905
2826369.4499289077
2664098.8833699613
2774762.9979028706
2591347.971678879
2688105.0041017225
2656842.4253173536
2631720.156862745
2840784.0374950897
3323010.6163840913
2675058.197751175
2868841.7395110875
2762718.5182257704
2679997.9553238256
3009020.6684793136
2874385.964912281
2899141.5181718897
2789600.611885205
2892703.2469861237
2825265.2283152696
