83886080000.0
1524946.3726067638
1510149.3837784124
1575272.197371732
1541762.7901163774
1515425.5818826912
1575556.2317109362
1563370.4330453323
1577909.3651952117
1558519.7736334214
1559203.4289580414
1545096.6812667842
1527095.0524104435
1491223.2548548349
1491626.302500089
1490878.7158187332
1530276.4075771286
1531500.0967615903
1538161.161495216
1556131.6939606876
1542885.7302610283
1572862.0339224576
1528569.866688047
1542114.242014236
1551457.7615352178
1541003.7475200235
1541184.9434866323
1495690.1285900737
1507224.3783239902
1472677.7337715232
1484141.9917341336
