1956316.7566861631
2436183.4730232856
1958600.5939817321
1869585.9929394145
2174532.747831587
1320836.7842443213
2009873.253947337
1972694.6918887394
2095800.208865282
2212897.60946296
1502785.3616240658
1637606.7842138964
1552796.052022672
2034302.232526106
1757711.536607955
2286446.9423578023
1372625.4058016546
1705181.8484880517
2034894.405658867
2427750.9912308627
2100029.0397845046
1539182.831685639
2425055.9387593446
1158666.718232899
1911750.4421229193
1980322.8532712618
2352702.551100541
1924937.4693083302
1997848.919458324
1627168.7221405378
