1388552.71913475
1467453.1701548516
1467422.3658983724
1464527.4151253698
1483317.9495340653
1473365.767981031
1334184.978305956
1453574.584735454
1465935.0337972445
1158487.501726281
1443782.6152808184
1430887.7411079195
1485129.9483039444
1016685.1292095204
1270646.9711474376
1517048.0110533207
1499663.5476593142
1494304.667849483
1517591.4233715297
1496047.567582992
1490423.1087674163
1461842.5409261847
1463709.6802336741
1490020.7109945896
1005240.0993183844
1155407.9032546864
1467853.7432107062
1478861.9864112518
1475402.5931997101
760420.3946139886
