4816554.701944167
4813624.991392568
4752806.264093644
4485119.124000171
4176595.2361985184
4402960.288050724
3879483.882902465
4202288.347860936
4312288.205296923
4152200.685053557
4278286.769280986
3891361.506703159
3770059.2343577254
4919773.852253267
4056504.5407506987
4557341.851924289
4684541.240855532
4431663.9195300285
3943942.528303306
4736810.959151637
4039860.1465956485
4188649.323413392
4431617.09546199
4025668.736622868
4088732.9161061393
4137128.8788936893
4397374.7667274745
4261681.179447058
4093681.3133186284
4005370.665698979
3487087.73621769
3648394.700903769
4204352.402241357
4530660.214310405
4317703.979740998
4595288.910313999
4494105.797769182
4269228.968395338
4485406.908352048
4773849.305713635
4340357.013504424
4491122.2708826335
4388081.687311684
3587328.087581252
4667910.165379393
4113111.1852040715
4755770.233802753
4080379.796093081
4081928.5081700776
3642533.0878521553
4014917.48669449
4114523.391439979
4048946.8095376003
4556203.221916856
4214957.29072455
4110853.670489072
4525576.176089771
4768422.010004547
4323935.588956929
3728038.255397442
