3499043.9642946525
2971375.135487436
3242400.1607940756
3326463.053874644
3164986.9455637555
3152711.255430779
3472134.703101847
3181769.493942635
2979078.356724814
3196780.585957745
3344473.3274858464
3043806.151032671
3098010.887308235
3031092.0968954153
3521991.1158881173
3470296.1204007845
3010532.511250996
3177093.8591242037
2995097.080099115
3130451.397181753
3118951.7988072396
3311440.774982039
3159670.0440694564
2820249.998319
3054156.7453815965
3348665.5010259235
2363920.419320295
3245737.2799380925
3029668.956450762
2668352.980844472
