3159622.439678486
3196926.782420464
3315943.678896979
3133749.2435166575
2864550.8499463876
3654020.5251511508
3255183.546759798
3336916.6388212643
3173175.972159177
3117769.4028796763
3007920.1388390874
3467312.5728504467
3339201.324756385
3319355.170585396
3385205.9305413193
3283212.5244618393
3202981.2905689194
3265879.7147039585
3183145.8798172516
3536751.2142471666
3123923.017338974
3032648.1327500814
2556458.032389207
3476451.524670739
3585426.8178010294
3373633.833630938
3273245.4600082724
2887525.472269648
3376050.612941394
3564523.9147431757
