1450402.860482326
1435265.13181308
1494805.2688601243
1461572.5576014384
1335493.4026185744
1493958.7036199337
1472104.0014881422
1468799.5517579494
1475345.5062206949
1497345.385483157
1489179.554911735
1480187.6038861813
1479842.9236246115
1387982.9377173737
1497372.1131979823
1435638.4945029367
1497521.806036068
1488693.2818445114
1430541.2401900429
1488999.808297182
1512120.2398162803
1520953.845261234
1432153.1616740704
1468814.9826479477
1423032.869201748
1473546.9364811692
1485082.6225352213
1416171.684021447
1410760.5580744548
1482505.3018521136
