4494491.057746917
4635050.999546916
4546079.6427564975
4440954.6195709715
4519188.458264645
4437759.485367247
4366564.988808495
4600076.772063742
4535167.164049998
4554768.368698825
4363975.362077576
4554718.90712044
4468538.18863663
4667027.183407328
4621771.660918337
4606240.047442811
4447028.637467264
4439967.396021891
4428528.893159189
4368930.137599867
4508937.670658554
4393689.635666548
4602297.6902397545
4296606.193466436
4532373.758658324
4519237.151169055
4350847.492790606
4343908.198351216
4282742.635421453
4548988.644621108
