3250239.4494986283
3348825.9199821153
3245737.2799380925
1855188.9775969216
2958798.507304754
3093509.5586499884
2765213.836934092
2812760.4498481057
2943805.0519725713
3366998.739674563
2839995.395667865
2894699.6466431096
2818904.242163557
2937311.091502444
2082956.6504273377
2720500.2140438724
3368188.425000201
3154916.69487382
2355741.774597576
2936838.0514924694
3416809.0912793777
2856843.9407149083
3290372.7877494665
3022355.4505101745
3000732.600732601
2502538.155869262
3217724.587648638
2767677.140934106
2330168.888888889
2584927.8935042527
