1230398.0756255684
1649223.0261088393
1754608.5465079797
1811395.3297545682
1652022.7343445364
1230881.9213748253
1308924.3194492555
1623220.353413779
1514402.3887839804
2006517.6000076542
2236294.226790932
2108919.772329599
1422955.6249151852
1780884.6882191594
1312816.40369465
1361853.3370131662
1693135.909318435
1519686.374538946
1522980.6718203637
1868611.4737081274
1666257.7467026855
1647053.4644911743
1513997.8703051961
1476649.2279310806
1740591.7749097398
1479921.2459511526
1871128.9754147725
1893257.6205543946
2023984.9442648266
1450944.7407930149
