4887270.0154973725
4436773.681705189
4741844.821543644
4345033.20176938
4745922.5816671755
4457046.915679295
4595540.654548642
4449434.578745252
4634129.2026207335
4337439.503619442
4245418.8428681325
3522434.7884508795
4463735.047464986
4760628.348315627
4721348.0869457545
4500422.75585313
4346834.419790447
4624319.467260559
4745815.182339696
4816444.082082611
4470872.151278061
4539584.821525208
4624727.37697507
4554174.900649308
4664276.500155687
4639460.206846966
4550370.490914023
4696132.745146338
4510489.299924723
3376730.1065919558
4506515.385937769
3951150.215724325
4453734.005840191
4271054.85575797
4497671.974693046
4554916.759879674
4512721.638836289
4361751.645677562
4545981.097719587
4718851.536834526
4386337.872037816
4592521.542992916
4555015.692705335
4713177.737074535
4751514.052994687
4405550.128669713
4617294.333931461
4450945.518602627
4560166.128488644
4367383.404312921
4599874.976695217
4310471.198807872
4479132.004143484
4453213.85343894
4730453.6124331765
4676236.983521752
4278243.130214815
4762682.53355438
4119048.9752226816
4648509.90258121
