3271611.4287497173
2920763.493798876
2950680.6334287743
3587604.245964879
2847360.238959981
3300496.5337068485
2794358.3901291816
3225544.0884691696
2911679.8911496624
3078591.613390976
3303407.9184682877
2665012.961927515
3157315.3473246815
3009884.392648779
3071017.8141268296
3061021.872240427
3249383.3281685775
2648136.5263563297
2821805.8517616508
2817711.195458668
2999638.1242535417
3184692.7153725834
2650345.328741588
2922086.1374688237
2783565.2802941315
3135178.1256073313
3056449.1211706065
3085862.2719246615
2701784.31094678
3172072.058445389
