3484914.7528997306
3157101.4580024537
3294249.2263709335
3369027.117337103
3196439.5128717097
3161122.66739019
3382421.393030814
3174208.586542755
2997087.4480156633
3170849.0516113914
3335404.0922139785
3019635.5677784896
3244356.4356435644
3075589.188555003
3577597.707228032
3440012.466475842
2961849.0089046755
3071152.733742888
2965052.5244242107
3129540.452011968
2935892.428410435
3343433.586557087
3144533.0774305766
2797657.4485399076
3054356.9129491267
3131807.11736332
3191842.139307647
3348264.5208672606
2666826.0457663867
3506855.1792179127
