1175424.9186594288
1173484.6386494434
1143532.041931922
1149855.2504605667
1152363.6303692022
1146968.7108612307
1162468.8894431973
1141689.3273122704
1163097.4862387865
986101.5371160149
1199579.0051709148
1185920.4071534602
991734.7242780061
1208475.4259898465
1173648.820699941
1181317.7187631142
1187209.4109388578
1145728.006293672
1180164.3218908273
1190403.6691519343
1191766.7784281413
1201923.396548661
1201272.787157566
1189907.2314108203
1191878.5360905011
1190410.4262631938
1187448.0493743275
1173612.6967071833
1180725.7812521993
1189498.9095632297
