1169003.854590251
1051754.92927373
1147445.6548501644
1163688.018821858
1142887.0384095567
1137796.2965977094
1165349.8852516406
1151784.5324955995
1157307.9777826217
1127661.736752817
1187458.1348009864
1166309.0689668597
1035032.5984492911
1157681.7130460225
1199678.5071749534
1194155.496589188
1200729.4317703608
1192468.150557383
1181331.0275483103
1194835.8572909902
1168665.104472871
1201331.278749377
1209632.522163453
1185434.4016731672
1188942.5584506881
1182363.3713800851
1197483.0126191971
1178363.9515315655
1194046.7107735404
1196454.8252657882
