4632030.922142463
4571448.501362398
4515004.790251569
4495936.371139767
4413245.088858258
4370477.96684346
4579734.451432564
4332018.880201609
4443353.991207161
4322554.182597673
4611456.340567759
4434240.76795399
4455863.167959206
4454916.622411046
4437900.350223783
4518701.5869253725
4423064.9175349055
4431523.450294252
4526406.440542611
4271881.365599283
4350170.61306616
4572694.467157263
4563937.280334272
4520990.79483476
4451087.221827212
4501340.430783761
4181050.071274061
4252046.795482654
4522843.340234645
4406985.100972955
