133367.92889594368
129422.07081904286
106795.91923513795
130573.33228317728
4166803.099543016
4070677.523608024
4101407.1285386006
3926589.151641109
4090686.900802668
15664.005223645541
128488.18294606889
126973.72464077426
53189.48273870221
129155.69276968381
4156521.222091191
4239239.94340004
130573.16968767754
128945.96313716256
3915811.4870416014
100732.11618177539
4128333.234906199
4271750.8427795945
4253556.035575568
125367.91650874761
127239.31330940817
127151.44415867253
4173146.149024446
4134722.646661606
4235472.795572969
4062830.7954589482
