1435874.4026182096
48360.01223555684
48370.28517602036
1411315.9550592043
48512.78156684927
1423037.697248111
1248709.8493261207
1332519.180976284
1437010.7956433704
48916.474816955546
50618.43178713318
49649.77781144869
1447459.7094247162
51568.41959536602
1500828.0077004
50308.93854514072
1391468.6660252796
1266939.3278519171
1516532.4038586698
1494123.6819606726
1498731.1376881765
50669.76123635888
49532.24121515959
1382265.181899373
49908.127628940805
1406003.0705900495
1371575.071451462
51739.04735753396
1493304.4710439558
49526.90707871704
