5224919.339769542
5236007.739841458
5174256.424174387
4985147.85585243
5163682.026912234
5268431.894689243
4773034.423897582
5336536.210494173
5179559.88046136
5135484.186940605
4991258.196184833
5149860.642151145
4364247.8097101115
5176427.61054957
5052708.6771632675
5223422.750255299
5282698.338728163
5150619.527709897
5203980.247648825
5280769.521315439
4664328.369827519
5237838.580366397
5182567.86645414
5280968.98883195
4938309.746391316
5114194.091180666
4644032.065193322
5091534.147466556
4479993.164072931
4900231.324625558
5129956.825381294
4944713.760256531
5044686.8647992015
4535363.321799308
5006450.380768221
4734298.033726889
4938251.6041678935
5067849.159648635
4918216.249809453
5163936.323455179
4912053.215908559
4972441.346279238
5132907.4577183835
5168836.418307741
5396338.372467031
4886359.029323019
5024382.179949448
5099333.754802315
4936798.493408663
4808106.930783869
4995181.440327748
4649385.891012282
5211221.8273985535
4803371.50710032
4993397.383239877
5100760.072480512
4736383.038789453
5171321.834120359
5173299.126745276
5178153.086419753
