3771313.4800748094
3433985.3120573764
3486334.1285212
3601188.2888297415
3460190.073917635
3466825.365337565
3712233.374046342
3533533.2771693342
3257484.137031198
3469808.074123097
3762078.77010288
3415557.003257329
3573208.839515428
3340770.535806737
3639435.6420179443
3682573.575893798
3332144.8432559543
3423390.6577755287
3284009.4269450903
3381766.873342095
3022203.0075729736
3744212.245918176
3583496.9456192064
2944011.679733837
3310604.374353753
3746151.8537373953
3616309.28670581
3484769.983632572
3365971.9602917926
3972443.0553582422
