3419065.164582552
3253845.1393683623
3059704.4104988254
3383867.6885841065
3772704.2950303573
3253466.5446252655
2988289.9442853276
3193664.910303658
2875331.7977404846
2809689.174705252
3077507.3556926823
2978866.7774605476
2936632.4294426125
3193835.1418237197
3123108.883908294
3332621.4085939485
3197414.200551922
2917167.8953957437
3253365.600905974
3152426.907177753
3154015.174871976
3417505.0924794264
3424480.731548008
3105787.5718263136
3176203.6742544714
2764575.9181628833
3518681.8902525986
3558656.7341467137
3419957.274017058
3349628.2453660443
