59918628571.42857
1531321.1707879854
48479.1211605851
1504958.3959755865
1489422.8105935242
1470426.7223850458
1509627.5873983668
49683.85989787947
49745.28441411976
49650.436073008554
1562991.753337979
1470803.1321557942
50516.54664336217
1309713.1580097799
50867.220829356964
50800.522599446565
1315496.8981112665
1542880.054736269
51085.643489951326
1496864.4497262728
1509328.803995797
51317.04194478716
1525501.007470558
1324749.9297244884
1510606.251598195
1479002.785711767
51779.044191581415
50991.16776385774
54211.434604086164
53808.69023053056
53456.66474980934
