3419232.39964783
3464963.7750002067
3556363.513032271
3581813.8343296326
3633413.896757539
3580804.7262513554
3829575.252912604
3312957.8288034247
3564251.2980446476
3507705.6885276064
3420905.650528514
3392571.5025236183
3830519.5576134506
2993942.5952759953
3242249.7758263503
3256497.7717045294
3574457.350798101
3599581.194967474
3466997.3052951777
3291483.1003931602
3449404.991981578
3444419.443052944
3281619.8791975714
3534843.581445523
3129750.6230692314
3391254.851228978
3473917.6888609123
3401127.139741001
3038954.339289078
3397435.5028147907
