1496271.7209445022
1464072.4373608115
1064536.0568320546
1447434.7338452248
1223107.2955365942
1406450.9638889541
1397919.6037848413
1472672.563015916
1493974.6676735007
1483753.4756369349
1488202.045863389
1451396.6171137502
1495018.3923122985
1472910.4553611248
1488027.8142406074
1482851.2235994542
1503981.6408491107
1286438.4738068948
1494267.4024646142
1294742.0735980046
1521505.5791749496
1516017.14702927
1337192.227376341
1470865.0261783777
1250127.8650412804
1468892.141961603
1494581.554622747
1493799.081846706
1495572.7978092195
1491064.2170524998
