1377747.4115730277
1471499.740383671
1474655.622200502
1484677.8475501405
1497206.4167457933
1486382.5474339256
1344849.76545391
1477465.8752663932
1457620.851433536
1156720.7110807137
1454396.1607279081
1481845.353758753
1484635.8056591887
976980.4315266483
1266966.1170031202
1552491.4311941548
1491053.6157384694
1498211.8490894933
1470297.8592135843
1478512.7113266874
1477549.15119298
1455294.4033864196
1461832.3510652757
1482709.690647304
989484.014645378
1166646.4544195284
1492709.2453004776
1486377.279992062
1479357.5101755771
745092.4103431369
