1384231.3353530953
1479660.203764852
1493448.033982916
48868.84513019504
48304.47348312316
1482662.5190003181
1412751.5670839944
1485461.31316029
51224.13011695817
1318407.9664543872
49187.97639335896
1479200.9931159012
49559.684547231125
1201221.1816593637
1490804.528248236
1447045.2263733686
49844.5293770848
48980.57373184951
50442.573236249445
49920.72653791766
1518063.7945948686
51116.92875092029
1322790.4629746436
49824.007134983935
1121147.903813872
1359187.7869917592
49879.11078912571
51190.13939941744
50398.26644451702
1215835.442194027
