3495340.7168512545
3620523.4445135007
3478989.059480263
3627537.535459766
3540602.5510074873
3270871.5453241
3120413.6443105307
3816299.5314134937
3483467.601282328
3399307.8687381977
3014362.0996952797
3578543.943621115
3588310.1772637055
3423753.9385826
3568405.649140718
3635303.3966908483
3349681.7473944817
3242400.1607940756
3928869.571733673
2713547.9947466827
3761235.3605825277
3665772.8679053993
3298394.174360265
3605243.2976044146
3652715.824675381
3399969.196598656
3596155.46200475
2881534.5085807717
3487754.660812586
3407260.822589948
