5071525.821312407
5010158.153757944
4898400.018685913
4903898.047468725
4670769.162240114
4858961.318798439
4666196.446649683
4556203.221916856
4612876.404988672
4479610.385449263
4665262.221233524
4409672.400016822
4316815.215825117
4906709.093248792
4461645.817377244
4619328.406700514
5001376.053802034
4851205.773834997
4629116.955643604
4973148.839801278
4664120.898061762
4789549.170967889
4722783.470329918
4652273.836461245
4837441.900697769
4409208.838803272
4768042.561415076
4705141.177658369
4807059.92917149
4603055.311676909
4327102.784454921
4507290.233837689
4419988.618880014
4623809.681295543
4499408.918782651
4522014.382284131
4790697.993169695
4436304.405309641
4760952.575540875
4744043.7949599605
4791683.136645608
4826253.653372609
4788182.243684145
4268577.244046408
4961853.047994227
4338112.4269535085
4553284.98849277
4287163.971625406
4437149.174309986
3952527.8701810264
4643929.227839412
4636229.384975903
4691457.781058801
4674517.146455359
4596749.410926626
4559967.819440971
4807500.7163734315
4799084.647245932
4591465.790914067
4494250.262520626
