5743812.223546006
5667595.432741031
5278443.5131699825
5652472.272010566
5477022.721337164
5546993.942920623
5543987.83953473
657361.8723268203
5444461.175004543
5420678.246484698
5513162.806593234
5529006.06380174
5561925.978968586
5557430.570277719
5423622.210153361
5717270.521523405
5491436.127731444
5510844.8298515305
5686652.114375585
5666676.574300499
6128081.351177605
5723043.335880362
5429449.456964958
5586967.351777603
5414031.056782538
5345513.866231647
5687268.979918372
5480099.821001607
5623446.759445473
5754529.614334518
