3576987.4976547444
3744713.6760530686
3708327.660138809
3723107.513137338
3375452.8847005046
4060195.734877012
3357672.69466926
3184184.994268275
3191647.8332001674
3519656.283566058
3689343.548514782
3761370.2806923147
3277619.4048512126
3499160.7294812542
3104500.2368545714
3715653.5142892576
3212844.317798817
3425655.4337705616
3751915.628270612
3881171.1144834734
2967884.91611415
3756182.8342169365
3689181.2968370686
3451647.5196681917
3907858.008012671
3816125.9212082615
3711050.9458335545
3474032.7830833327
3813662.359862158
3717168.2796270694
