1460325.8163688083
1180739.076703066
1066531.0502306328
1536842.3366811154
1824983.1394918787
2110957.663116784
1740476.2102362793
2007660.5317952277
1734007.482894764
1987558.0491688307
1796860.6484337514
2043977.914552906
1232806.6215199397
1713443.4694511169
2018850.8690441237
1835605.7191122859
1662974.34352165
1472765.642172681
1687835.1079669378
1437956.6998645798
1749857.7352791475
1888339.4262457455
2098936.0956813293
1586425.9589162855
1740425.6555169653
1834602.094286639
1680127.542641062
1756077.7910360275
1629811.656544226
1988736.054015353
