2683890.7836725814
2352227.556193638
2822261.5482959324
3049515.7772284425
2559062.8431970715
3151526.8093291656
2941513.430114314
3055002.075852374
2664200.4166878397
3025036.6021651174
2743042.502959315
2880505.45978985
3172216.003630313
2859980.2256997717
3174016.4213553295
2773735.4098469066
2167733.399487307
3317727.276322763
2727009.349440204
2226843.3571185865
2503568.8491222626
2807112.979112149
3221481.128742377
3184547.635678926
2729742.53507927
2893860.8232485615
2851270.198432391
2083039.4080107273
2946348.5908567254
2806455.5844016806
