4813956.477825727
4829087.55972598
4925204.321277595
4592219.850002737
4789494.478891896
4727094.861882811
4699342.319025691
4691825.137590049
4843922.438184989
4793161.611775192
4764900.880431696
930341.2556700344
4728746.984148459
4459890.477962677
4474640.209100123
4786160.622589406
4529339.222271416
4853619.700055545
4755932.0112029575
4707464.730243886
4671965.781500624
4736810.959151637
4799853.520095212
4761222.7986332625
4502210.152316957
4649179.746386451
4761330.896459343
4798041.570861503
4417567.880690076
3236071.012491224
4641462.49695682
4374945.499681864
4565725.793283623
4430868.044918181
4679523.825462173
4457899.603558409
4519334.5401258515
4677071.299538348
4542928.319216689
4662513.617465928
4748931.73763884
4410599.814923867
4619175.789079536
4646501.528780963
4662772.781341367
4280906.743419374
4494731.878777487
4646913.361400398
4668377.761700707
4671601.528128933
4553087.277464177
4649179.746386451
4722570.765870246
4714078.270056421
4541600.164585883
4854349.964700299
4438463.899088879
4470824.495016788
3773518.90671249
4478127.735901433
