4307726.437088542
4180133.347950448
3841078.4277812373
4286156.330155226
4186517.078234484
4157592.4585906444
4232651.825539387
3657047.196379838
4034575.169057032
2256154.48750706
4179633.4864625167
4254721.038750254
3014708.7574032545
4247310.434219054
4163742.132745647
4119210.7873466704
4272229.465449804
4200268.381101164
3205453.6144716428
4053290.0395249277
3064622.7586912364
4259690.245264815
4190448.7871158533
4193381.4560796623
4345168.241339301
4269315.880011807
3855271.4304097653
4273448.261808697
3947840.3283039825
2966331.6760610198
