4106868.764014139
4173187.6703878376
3938979.358013561
4167631.160572337
3935911.4155679634
4317481.754454589
4141050.095768418
4210556.749051338
4095400.0878777523
3904184.0809449786
4008931.029209359
4088374.2238597926
4204689.583270678
3977264.6671155067
3858853.8360335995
3993548.3256686376
4008701.137341107
4175805.1830391367
4104497.5926723294
4135252.592972355
4068466.336220694
4258565.757277315
4036322.343476336
3986374.695863747
4185305.5929751033
4004261.737918393
3283855.157565081
3932221.440960015
3962872.260015117
4071033.1172108552
