4104738.603667965
4156521.222091191
4168045.314518533
4223403.248381347
4048634.143516284
3974965.408745427
3981871.172924479
4088972.0792388082
4090487.4290506933
4076929.2080988344
4147068.885395347
4154997.721554098
4069808.556263888
4171195.576506156
4193046.0861741477
4077444.4422841365
4075503.0850702035
4127642.572454854
3925339.7222326207
3892408.7753814175
4035778.615964899
4044378.8751000413
4193046.0861741477
4102129.1578237014
4177135.9711585385
4242970.875947113
3978471.8994545885
4055484.756775572
4112707.875745215
4024316.856002456
