1809839.913700108
1944841.7206474917
1678775.8712471433
2453096.2685694234
1498329.5943300517
1949261.5278797625
1497345.385483157
1583897.8282460188
1199002.904384019
1712953.6302673386
1730837.5425043742
1537766.404035886
1753750.1777038157
1486166.6129266573
1678587.7512796603
1760286.057228233
2018637.1096212803
1643574.6921949575
1524940.8282948006
1440569.3167923724
1703201.494355559
2031012.091248493
1706486.1302108339
1470524.6735033744
1876268.3128676552
1546692.037362775
1600207.5464499637
2083608.5444610035
1707861.9476521653
2114107.1392568396
