1603817.6812480881
1684472.9676543586
1799342.7769817505
1745699.1238840446
1855271.0383722216
1770697.3779198136
1591180.476257317
1589714.978775015
1780068.4135027544
2015939.8626337976
1672997.0563129722
1587644.9747145928
2190969.3056687354
1544578.8989136438
1627857.081868213
1777488.47301329
1927945.8338887536
1848142.517856592
1613156.6194626277
1946710.2331798603
2120380.7713501407
1418024.5786635564
1477190.0907944692
2250344.180057408
2066780.6582273492
1830111.308430381
1168795.3697433798
1828675.0696494204
1601026.0481876202
1451065.2136308597
