48109.37770086647
1443082.2056845198
49195.574595857855
1401352.471066207
1405084.6038142904
1477075.6444569658
49732.31393826716
1428207.9570683339
49803.164705913085
49465.43113475782
1495530.1366346236
53327.68478884009
50400.43451302338
1346987.6422680677
1493586.3058674387
1423023.213207304
52115.85730584274
48557.049066039166
1370727.8972257355
48218.42166586136
1524430.9240056844
46922.19847568725
1430180.2769452145
48325.60014627977
1382287.9590814416
49325.10414086812
1257507.7726576342
1435771.18327862
1459258.8726876737
50573.34001486464
