1139279.7579273891
1085496.4479354029
1127401.0638841179
1112054.8722449206
1100436.837037484
1111253.4740713069
1122441.0386510275
1117131.5717280193
1115927.823805799
1163342.6619589005
1115349.1662079548
1155430.1833568406
1133911.3320735232
1154231.462498452
1145959.651155166
1156975.9711797596
1128827.1437145248
1125594.8259667766
1111665.8141155953
1157189.8382148454
1145540.2548737922
1157084.490839722
1162011.5694053504
1139087.926651748
1155729.4565654674
1171583.4783507402
1163226.5132080705
1141869.601082438
1165421.1216573678
1165071.4992055644
