4193800.743910731
4152735.1214344413
4046993.4388267077
4280644.601614566
4112546.5741067575
4240354.247123764
4196234.267763171
4206502.858289038
4152570.6648185733
4154627.309197167
4037721.17291438
4148176.279768969
4104015.655577299
4130772.715633556
3947283.0281014135
4159901.6136550726
4147232.906511099
4262720.666700544
4090806.5931922365
4104738.603667965
4156026.991409122
4174225.9730695356
4110128.566948887
4140232.5627307366
4166347.806220262
4247740.5764517635
3401789.1757301474
4038965.3910598387
4087218.8657181836
4126343.128670792
