1511482.6880387466
1461078.6953659225
1200523.2230309725
1385552.843084465
1467648.2938163087
1270392.9633690536
1487906.4042030133
1267019.6987043745
1172628.3535187484
1476436.1119813574
1498672.2311947062
1473733.3277114867
1461547.0926241477
1520523.770509632
1483443.858513622
1248375.35455874
1497949.6648250197
1477200.4958863968
1512621.940444377
1480699.698162498
1512365.5952750114
1493570.350112526
1476690.818704803
1470416.4125000876
1477809.4489798076
1457975.5283648497
1474992.7029374633
1481029.0887776217
1446596.0550866895
1008224.3413003084
