1125709.6233950274
1140605.777127535
1120046.1444792189
1143634.9358694705
1116144.603962372
1114167.0119962173
1128821.067646307
1125042.313438641
1117643.5790780776
1156153.161273606
1126389.825091912
1157867.0730226035
1151708.6284018112
1180931.8943939365
1142189.882793778
1104531.5693007773
1179225.3214238521
1158170.8081480274
1138114.2970333567
1169626.4939961294
1125552.5380792392
1150296.7407878714
1170413.0750835051
1171328.2748875255
1163843.0118984194
1164667.1053983434
1147448.79395294
1128159.1681168855
1149855.2504605667
1163710.6194076438
