5077112.283929695
4769723.435225619
5018610.828597069
4684018.091462393
4858623.605592689
4932038.286964089
4889890.993879336
4507919.993981278
4857273.222081968
4632030.922142463
4499505.45501357
871134.594455383
4815504.01836969
4789932.050476789
4902006.708507182
4792340.124084505
4420128.357800002
4702345.396654558
4888466.200466201
4826697.967732284
4855417.669938877
4926824.225908002
4876020.414094561
4884424.310884932
4902923.539107158
4796505.231860027
4947863.631001534
4828920.767229271
4690460.96039006
3586622.542606227
4557242.818027728
4167755.398114014
4586495.204977638
4576536.312849162
4835712.968087069
4749308.15046312
4790424.414089269
4770428.670541269
4645575.172230467
4864766.0581317125
4639870.792172306
4872848.097589311
4792230.613667265
4851879.1860909
4859186.48701878
4598916.690423456
4809430.111225777
4773849.305713635
4654700.418382182
4662461.788147934
4837051.388504474
4683704.257908901
4835880.2301315535
4661270.031784135
4827086.809911268
4836995.60619515
4555510.421305297
4825698.375442957
3965644.914244653
4627431.597528685
