1483354.6707785456
1459238.5650817065
1087768.2915443426
1469695.0796465138
1195469.2888698874
1422593.6540777045
1393678.7261756028
1457220.7803939146
1482992.7835744112
1497046.100252702
1495284.8821042273
1458087.0339083218
1484972.2074703488
1458680.3273272333
1491769.5429341698
1499041.8121580135
1493985.310565422
1286943.714867817
1508335.520992538
1268970.8587472166
1502419.314396246
1499856.6049340777
1341198.7413982758
1454552.5164986458
1269016.9311016714
1472496.778927339
1463341.9973833405
1483711.4860801585
1491891.5842640677
1512485.5758135242
