4910787.963938649
4972618.200787215
4887326.963411792
4850420.362425266
4916140.980109474
4923527.685499301
4646450.054836101
5037900.426400817
4948155.488704064
4845433.33102285
4804251.809768166
4701660.146397785
4727574.391343553
4852103.698390847
4765225.689907861
4609479.850098359
5033366.134645386
4732375.04231073
4806233.670990512
4752052.388883224
4639049.694181146
4575887.236665539
4641667.957769859
4711007.278281966
4589506.395736905
4590711.979423192
4534676.843903388
4655630.418132776
4657232.95580724
4641411.134595593
