1443141.788554107
1470725.77195234
1398632.8138025783
1484336.3260914956
1482479.1022355747
1499636.7380795744
1469206.006704474
940359.4360942713
1443236.138160747
1462316.526395794
1482636.3138266848
1508926.9910708503
1499942.4241232194
1451030.0736532933
1429049.7882474796
1412442.331135462
1475496.0177862833
1194029.7147802422
1499379.4148768838
1514232.9020332717
1493293.8378501546
1462092.2369017324
1467992.4540716864
1473640.126202472
1347255.8958249015
1493586.3058674387
1494075.7812694805
1463035.7360866456
1478757.707915399
1473489.9930089829
