4135619.5584653765
3982740.808264965
4123706.150700016
3818662.1994409896
3749936.52212785
4010425.969307262
3904729.276830267
4032170.427125292
3938831.395676427
3939238.3188541913
4123625.066362546
4082524.479744593
3898921.6925708335
4051175.9535607006
4003497.317832121
3940237.4868480386
3978132.2912912345
3848938.7279417836
4087617.19130689
3872749.6006574146
3881745.8260837374
4129389.9893671484
4036322.343476336
4099683.3092231303
3812449.0983129726
3892661.648832008
3069849.0071653896
4122530.7398197385
4010464.315765318
4046407.7950894795
