4223318.196006565
4328621.113140758
4335063.512242515
4252391.670215139
4337932.960316065
4318993.337658192
4459653.375863902
4121315.5024515823
4239882.739449077
4198754.679960758
4140600.412647956
4190532.520731342
4411852.444014347
4036477.721104802
4014840.6241026134
4070124.501460442
4357808.99343363
4339997.723580601
4228512.667479913
4150392.8437135112
4274885.593436274
3868962.9089835715
3898740.483914446
3966845.101859383
4119048.9752226816
4141254.5294773947
4055916.141260202
4216737.04105843
3939016.3503348017
4067519.419688315
