5019331.522324474
5116564.806343397
4952420.535587776
5008183.978316159
4837832.475951002
2749876.4153231885
4693925.421907874
4876927.549038987
4893085.546961584
4858173.394336017
4784795.628515041
2469387.4667357462
4891487.748842525
4876644.033113198
4690198.709561989
4689307.276060999
4829588.006356078
4811857.834476746
4599269.696803553
4976453.140016373
4891145.499282824
4706197.053510318
4874433.739700397
4884253.67398747
4907283.172070059
4801337.042251909
4764630.239691014
4654132.268086995
4737292.46199372
2212804.2121479106
4655217.03903484
4862622.890001855
4692350.03244356
4789877.34965626
4692927.552447553
4730827.101591491
4708891.683132746
4698342.145353526
4507096.496883731
4867475.919693629
4860594.2613452
4550617.33752848
4801831.753445986
4820651.211971451
4911650.5650213715
4454112.374823452
4717843.042417016
4847393.299201406
4491988.04793677
4355229.7388505265
4775860.537672364
4836382.0856971545
4757388.503243955
4778091.180424233
4703663.7471823795
4832704.228597765
4818325.311031718
4838055.690128498
4518214.8204802275
4560661.976578555
