2331373.431828667
2896058.77316541
3092369.169972131
2592805.7020282256
3408146.7818342852
2967192.0541045303
3046547.6415299913
2660853.8983695996
2892364.132870846
3222322.608401709
2206146.6765552103
2909357.2687041326
3053511.939429237
2763847.2284456627
2601844.855928786
3089271.562200781
2919706.240645992
2948958.728819518
1744900.2600104003
3115962.7656808337
2955650.1395270177
3073650.886706727
2231653.772892214
3697409.180264283
3322615.7563274843
3356463.5649237367
2898460.3477347484
3472652.1555542676
2395827.883039065
2771554.3103334345
