3379151.325701119
2983613.3676677714
3602425.491711758
3189027.014286475
2615473.451189474
3106615.708233342
3254097.5848184153
3428063.29279456
3445211.6343444795
3489698.8959239875
2738511.360668582
2602700.5559968227
2395376.3563677897
3392791.0438102633
2983974.217599476
3115615.5754631488
2816935.3105523316
3034161.8681096095
2896498.763863376
2995610.4703067527
3302081.5619587465
2842497.475551821
3355604.269004912
2766472.3108988735
3324432.8900020607
3013690.6772049577
3358210.3653410412
3399197.672439643
3103581.365062452
2878113.784987408
