4575787.395132169
4828142.554563035
4731040.550448367
4617243.505063849
4685535.546717905
4627891.118932815
4640692.180878725
4562646.447724825
4710848.542707924
4583638.231372806
4622179.121254532
2314903.3871083464
4790697.993169695
4712171.666104932
4466967.7089545885
4405133.698825803
4459511.126705156
4534088.599658401
4412734.350341925
4655940.500638286
4848682.141866272
4342738.812615187
4692455.02550792
4619531.912550251
4676914.842608802
4559323.434137009
4658940.095749053
4323846.43932209
4398573.765678091
2015426.4571620778
4552247.197108653
4608213.759915621
4574789.219375457
4688049.35842983
4484112.169515806
4594332.533710142
4407957.710214077
4642746.925537685
4489631.992464302
4558629.684375272
4791190.514267437
4602802.743484225
4577285.47575655
4713442.563998831
4649952.883005732
4282436.544077107
4644957.806374449
4568610.236692191
4332600.611519709
4174225.9730695356
4725390.655806041
4677958.0865705265
4598059.614773238
4679680.457000044
4370751.22703542
4565775.49420883
4574589.636480635
4730133.525802959
4445944.456222175
4481141.892541587
