1452255.9580074304
1469756.8804446096
1457286.5997720766
1458720.9120344447
1473148.4245759824
1299624.4562051485
1170576.3987150828
1002723.9409884507
1244559.969852616
1485277.2033202073
1470014.439724664
1467217.037233968
1497329.3493122566
1471597.834515134
1468475.5779471542
1297638.185046995
1521980.390591548
946449.3796850813
1470674.2030042496
1513659.1157609068
1438607.7316988679
1442600.7580499817
1473034.603619455
1448494.455438022
1476633.6319949303
1380704.4571729542
1253303.053845694
1494267.4024646142
1473117.3807525209
1456436.468692705
