1372140.4362789358
1468516.709556571
1467838.3325109275
48108.39547648692
49049.22271855201
1482217.1569926671
1393576.8538146152
1483239.2672749134
51845.306992453436
1334121.32181038
48699.59785686212
1483123.8817264375
50167.24192146465
1210163.0168210277
1473241.5638973091
1460422.4263400163
49555.29297591047
48714.60375156563
50204.86865747141
49145.63218507977
1528029.698605783
51161.47900360178
1301527.9587910383
50184.91333559631
1119848.7753042383
1358325.0481726767
50932.127597954364
51530.55796153303
50650.79256586239
1208061.22243248
