3333124.597693842
3308958.944744233
3368161.377360915
2987736.494187372
3247119.300147093
3472508.403291772
2742701.698860887
3122550.866195663
2270111.8195299897
3079563.5765576586
3256447.204968944
3079247.0560596716
2966625.4075808264
3214567.973144898
2887346.5735035967
3393834.2530707363
3063190.336386077
2812383.244935864
2811120.3452990535
2826236.136005283
2405390.8046636195
2922513.70917731
3094376.816726425
3520542.564085346
2718472.4769750275
3014232.123607618
3184450.9232264333
3048917.2548649022
3105718.5803881497
3010489.2946606087
