5064728.186055498
5034695.347385605
4915161.600299997
4989833.089451206
4673944.148521251
4827364.592684668
4783267.759188933
4897084.612780067
4911247.98014098
4871885.889513544
4703980.261313296
4283311.206878944
4758467.9615175165
4850981.3446213985
4885448.382700663
4885277.674245248
4817329.183272652
4942324.868909445
4871320.062251748
4877948.479385939
4922429.818796357
4845545.286506469
4836382.0856971545
4703030.846686028
4689779.169229049
4745063.52312966
4845545.286506469
4554125.4519593045
4765767.137451852
3972254.948385264
4507823.096351228
4729013.563640874
4628452.880158905
4575537.810359122
4563142.835384097
4571647.810258758
4483728.686728313
4687839.7711015735
4607555.667849414
4847449.321591198
4618921.448786988
4849298.78718509
4877494.679799519
4719913.575801224
4779343.429163961
4354009.052028402
4738362.818861701
4465826.235093697
4666715.622461809
4790752.712735579
4580734.7865973525
4548446.006029453
4701923.680552442
4916774.904461585
4794312.167800195
4745009.842296989
4732802.238721762
4763223.403288816
4500471.045205317
4516122.919223894
