6010064.76758182
5879398.3655504
5957395.071372772
5895596.193581941
5944224.146483185
5804541.994768818
5772984.281663776
658851.9151502965
5530682.912035023
5708244.644655543
5918974.908978013
5704906.081255696
5889222.128615557
5956887.418159095
5796920.695469497
6057281.497313847
5853551.790549028
5862469.774267944
5875938.975357588
5802695.000138347
5975898.670694003
5668514.589217899
5749717.607062565
5959426.549779059
5716491.304584855
5726246.8087430205
5818795.260952803
5931195.203348606
5786284.437209431
5987756.966651439
