3256624.195414347
3524714.068421893
3547340.110624334
3259686.6451131557
3112817.734501978
3102043.472794373
3209869.211519182
3535648.11302464
2909357.2687041326
3417254.4993848735
2741106.4274744308
2939390.1592930276
3050425.0940006836
3457708.383139741
3044137.5205939775
2293874.693734687
3006885.08136784
3072795.205790561
2946700.482650574
3019461.6619513496
2803173.224083889
2863201.5837258515
3137898.9421393625
2882940.743846529
3358183.4777178178
3075724.5101490086
3292956.0656973277
3065384.2780717397
3100759.239134453
2936652.9903518967
