1089132.5742330013
420757.04696909356
1119609.633176909
421424.1576900315
420509.00559936237
421140.2293310842
1113445.3246118887
1151123.8699549355
403163.5568098367
369008.3597122049
440850.4412389165
1152249.6634707837
1017434.862447634
1203962.396842483
428557.8245472064
1161519.2257099736
1167942.6596754836
1184179.336241336
427844.82415668963
426715.71744392003
426680.5560076825
1080407.5061499428
433149.5455564081
419045.29737171537
429886.5300709149
424243.44184776285
1045476.1631761827
426974.179808863
1055176.1266723354
423569.9491126782
