3264888.259241673
3200048.8288700692
3368350.7199588823
3237095.0065601603
3315576.705690774
3359609.1153029758
3564796.5731478254
3021201.6221394665
3332594.9291656404
3229816.266498283
3053489.7095973385
3141541.895424347
3569316.6539017954
2922534.072855988
3008653.735797085
2947984.5653197635
3255057.2348764115
3217181.6034117755
3101630.5674078786
3109218.0075463867
3274574.312771788
3132438.6291159755
3044557.358961703
3283675.1949394043
3067200.0117004393
3142389.211462821
3205576.105897099
3215430.4945455105
2858596.2951351497
3111755.410307963
