1734896.8609494502
1832502.0534419182
1681575.7716686646
2103167.057785266
1948971.6829456429
1789546.8004676206
1642171.8634989741
1689398.723980151
1874088.60391859
2482350.7827064777
1883328.3192715093
1478356.372967143
1559041.1513914752
1476841.6049013222
1733634.7892219876
1521676.697975961
2186640.2523264606
1764781.8165752923
1801313.3087392151
1657578.7035939265
1795199.4521486047
1683485.85556947
1962431.104664764
1864823.0236042629
1839284.3360813893
1343957.7552341342
1758890.897120308
1540121.0269666882
1442124.589983565
1356839.8339819424
