1514287.5710334969
1429970.6116994075
1202140.422982892
1384898.6330317638
1471974.844179909
1247803.412319455
1482641.5547873054
1270535.3491598535
1529037.9497648645
1445688.5825075398
1498613.329331604
1459329.9537599203
1452492.329429365
1507484.4015066563
1424327.9588149798
1204076.4536001976
1505206.834306467
1473857.61473048
1500838.7484613403
1503933.1060027466
1432089.593007375
1475407.7831441425
1448189.3765710024
1470029.8961520533
1468717.2591534304
1468146.608001064
1485945.476768285
1466104.129891466
1448604.5154226862
987410.8357777474
