1450382.7986140407
49266.04897893119
1473355.4168408406
49365.70142176804
49602.557858952096
50109.97949032741
49977.10442396387
1068838.5059770602
51620.88158235457
50132.67941662412
1476010.0645751588
1500930.0511367093
50958.45740952006
51325.720447570915
1424744.0470124665
1442407.276854033
49634.15510129119
1324938.2435258366
1518404.5237500498
50915.68141524167
49597.47248598121
1509187.6020984608
1250810.10476341
1492725.1826622963
1403162.071203474
1491536.1281902655
1472977.699736611
50595.13735632427
50226.98701354067
1483821.7137358536
