4657957.04417742
4980057.467170098
4581385.238828631
4510731.83846857
4434147.011872166
4693347.65629371
4126789.72017789
4381755.500302961
4482434.916427991
4366201.347032676
4417847.061301875
4155738.74445149
4172398.9057448395
4700132.230664067
4251314.122381131
4729760.146145085
4816278.161817054
4656870.996036284
4375538.8178347135
4796176.144355125
4311977.876242662
4521331.939159399
4597404.41950193
4516755.150170685
4566819.463649924
4267795.437432589
4641565.225089638
4493191.069974719
4460601.935552483
4381435.09281409
3922256.3028353406
4110692.5142599526
4225828.681967477
4614805.034768066
4455342.518137687
4552296.605018668
4639049.694181146
4337888.095976833
4643312.299346839
4734137.72475366
4579134.460020089
4641102.984298408
4640332.787538169
3918921.3936670185
4783922.4408326205
4446368.638093522
4342244.262006564
4112183.691677206
4219918.907770165
3745181.798699907
4441377.849783453
4399173.510378318
4297618.754867002
4625033.356489905
4522745.799995687
4300262.467191601
4665210.330789936
4758845.887652178
4492709.783842841
4173104.6284872848
