1435795.7579657955
1446690.8569142257
1411733.9777787502
1472491.6094423614
1483213.0417101332
1478669.0827557517
1460722.5072177586
1256178.3080857997
1465899.1699432067
1474396.434145587
1472093.6680693948
1503976.2479337065
1461104.1440236324
1459802.3110121118
1467283.7627468472
1487225.8192623272
1491732.4038837713
1196813.2946789325
1507782.4550555942
1502882.2863367302
1508606.7799658305
1471577.1820322012
1465740.3653950992
1472021.3381999403
1319154.3430810745
1481813.9423144865
1506482.7219602251
1478830.7013182994
1476961.215851709
1471623.6509339958
