4122611.781126215
4453592.134044045
4264671.072699542
4305427.072747616
4289663.213230105
4230218.555536505
4276934.37206836
4211656.0228139935
4345303.28930329
4262634.023395022
4326299.394527019
4334033.231379681
4317748.427543468
4311135.779627916
4156809.577609958
4354144.650105368
4346609.18587299
4303218.459202413
4387806.255884507
4293000.071647168
4255282.193837694
4165892.6123835444
4121598.993750246
4136802.446000592
4164899.807360038
4162089.4278286067
4092323.3032822073
4225275.267712331
4100084.0681147235
4168625.2683469825
