4120870.0949087264
4366837.759893388
4152776.2376237623
4409116.138255823
4332511.10422477
4273535.345301897
4363612.15147732
4463877.5662242845
4313529.968324489
4210472.213299069
4302688.729085668
4383175.011234077
4212882.81320624
4140600.412647956
4025127.8753970615
4451890.3772263145
4495165.4216725435
4369248.718696612
4483584.89759268
4293131.896251715
4322420.544952389
4527921.236721652
4226850.750781014
4363612.15147732
4422365.382790507
4237398.341129285
3492837.4540942516
4150310.7065109834
4057132.355074917
4328397.762688077
