1425034.4851017566
1446471.3347679744
1469540.6003868037
1463301.1551356614
1487806.1238968188
1300664.239597611
1170367.3526334148
1008604.9844656272
1251941.3534552748
1498629.3930169074
1482547.2231648003
1465581.5952506578
1499990.701733054
1458193.4869297065
1481175.5316519171
1429147.1737715644
1498238.6077464109
952406.7303980562
1469226.5926852252
1489470.413392188
1419329.7756782274
1454280.1765535988
1462326.7230078375
1462571.484364103
1472119.5018882758
1330844.8697649774
1245384.0398113946
1501101.9451353722
1494224.8157291922
1485172.018186196
