4106547.088714178
4171112.6138669
2846065.738403496
4193716.8796368507
4098841.9705068944
2805948.661684919
3924531.691524599
1991606.7977530758
3727375.6520657265
400643.81105578324
4391113.716786365
4094240.7559251883
4248428.98527237
4242069.704876914
2968956.3395435754
3740005.5284581846
4195059.110639915
4081888.7829184267
2313575.411906824
2594216.936027561
2518602.319059886
3751009.6764384983
4186224.5865479624
4289882.583970871
4350125.495239479
4261767.784021053
4004605.8222022783
3911465.9007190084
3738005.6502713733
2218797.577168249
