1469252.3259724246
1589696.9030825149
1420892.4482025015
1560537.7028198517
1836634.569490605
2077910.5483225333
1730973.2614141447
1988010.2379372453
1736182.3314650925
1990784.3900401546
1741965.2795082647
1669766.830817983
1411567.6890872254
1728205.9522779433
2092016.100473338
1882254.9521168224
1639463.0893469984
1475532.3527652794
1633168.7563273888
1444364.322585755
1377860.5616822215
1915277.270402572
2088921.6487041058
2009661.3913285132
1879741.1397737663
1825324.6527173345
1427100.0054439544
1422530.931191665
1633722.19387457
2000994.2226314459
