3538302.682638772
3614377.1812658883
3424816.278538067
3439758.5618685214
3523381.6636145227
3162457.3996441173
3187693.991396738
3772873.9767923
3461189.460393956
3434463.3323507253
2933428.449535959
3546140.448773229
3511317.6114055137
3476105.7839732803
3493710.2779605673
3610519.1574344276
3356275.5563379717
3158694.440678987
3808502.6786525017
3484567.326864283
3663563.5486998525
3336571.551305814
3150319.590803596
3534128.749578699
3236595.416312987
3326252.0123397065
3646903.7475002175
3616683.4812151315
3421184.684905137
3369568.4308621744
