1133243.4513597125
628706.7626796496
608555.4312609998
612941.5701799381
620406.8591849504
1144796.1133249633
1143581.9275893
1143709.779455073
1136181.255722482
1172074.566931114
1163178.1247400094
615744.5359202321
586890.099710914
1175224.0160944145
1181896.9282487833
623042.5863454532
612918.2820242665
614166.688630979
617739.6550098973
617238.7557815951
640468.1155813041
1185591.8908452594
626983.1351668097
1134859.3569055272
626086.5411598928
620797.1203258579
627788.3216485957
617776.9595027507
632200.7099307403
638622.1135428626
