4021615.8168255123
4099322.6931985887
4033993.1136630313
4270837.406321277
3899465.4196223537
4175929.908403027
4135986.589093778
4129471.30058088
4092962.254576681
4072456.1130961627
4108679.1269934564
4160396.766354213
3969585.750655398
4222340.339856648
4217542.660056913
4162667.7252878128
3999374.4874802143
4202456.766126285
4073682.2680432396
3925339.7222326207
4021731.501280072
4015301.843803251
4122166.0933660935
4136272.1024032817
4123341.296290835
4056661.476115404
3827059.38172926
3875325.923256738
4121598.993750246
3935579.034286036
