3789269.033056582
3474925.0219548973
3596186.2953563347
3756552.8915479206
3476192.2127003595
3538511.6381092183
3801805.5908052647
3583925.6265433943
3287999.749145527
3383458.2341790022
3827757.9031904796
3371328.901785212
3659951.1343804537
3361871.0975384936
3976397.421312097
3767553.244046817
3331562.5595729807
3509407.945379698
3262729.479121289
3435194.679683533
3520010.7422202826
3704266.5748174055
3454917.1753115705
2914188.4427522286
3320563.9957882403
3731786.3942915103
3520365.2722755657
3570501.6557277967
2572750.693132468
3843154.9337071753
