1119355.6565529867
628812.3294653833
614538.3311380149
608258.9017038426
618721.9906239582
1133090.378614942
1151961.6809621507
1113752.8147172537
1146959.301482954
1179905.366858146
1155038.8151934152
618954.8183925755
605067.5422247099
1184079.0458042205
1182576.725170931
622638.4060186986
621678.6181177873
615651.4438284462
621057.2607644344
613525.2472061319
639116.4558273627
1180363.5954297292
614345.7047985505
1108580.701944501
626281.9258938504
605411.6471950138
619981.3457379742
616323.6037476342
630774.5753408177
647391.0211490435
