3304631.190810104
3530202.33646433
3413000.032548905
3379804.8332379796
3056538.2148895236
3498226.8261355488
3110555.3948724796
2771609.2538871747
3125855.3744568904
3195270.6717657275
3265193.2583394963
3476163.4026471297
2996702.009088051
3114366.3310463633
2752872.454236977
3270463.4770132867
3096890.044006025
3272070.835121114
3386299.157927031
3542785.708252386
3074326.760976325
3413805.6208948176
3293654.2463386864
2335696.704422689
3504891.7857441297
3433282.582715322
3456682.5175747285
3117421.809965513
3392351.9896473633
3291276.473865518
