1515184.7061968513
48966.30104153837
1279605.5903179257
1455592.380383896
1398101.3333333333
1417233.992228417
49858.34077667341
1351701.9123552197
47692.73278654785
51125.91984027051
1477939.6322684765
1471721.7615871266
1481688.3098531843
48837.79366048946
48983.66266833702
1269420.2069543689
1502166.4153686918
1502586.1667484657
1528876.317257116
49531.931195521334
49552.54717547324
49458.087603569686
48988.4627333908
51073.842869815584
50233.51381674816
51398.50413498813
51482.77820902015
50333.63718534156
1445160.5789870827
1310801.92512032
