3262018.976512677
3525099.17299805
3421519.5862496532
3346474.6479435116
3100552.9436115795
3687591.985299936
3054423.641302369
2824637.349316452
2881158.4247511625
3086225.570991288
3298731.4096060526
3414472.602349417
3010943.1307518915
3002708.9716789327
2677209.622958249
3397077.7853370914
3083979.029874341
2807338.4424885376
3237869.676313697
3560348.3693530043
2684973.17782017
3430951.582426032
3271024.5971955764
3031968.540365487
3531748.0633209837
3424704.4222352863
3471301.353990797
3117120.6254598424
3401761.5857515936
3324590.9955611923
