1143856.3765234633
1146532.9050775643
1137194.7433634556
1131629.0878284494
1107892.568095852
1103621.9013864002
1118215.676812703
1130189.8333400697
1124408.9506545174
1156083.0533374862
1160304.6339661893
1146548.575802307
1157314.3643923989
1172330.0957305569
1129380.339866606
1165790.3952949287
1157014.2699118096
1145046.1370461371
1159233.535184914
1161220.1617949158
1140984.320083568
1146821.3150030214
1171665.2978674667
1182900.23633728
1140571.6585494524
1144315.124927019
1133859.2213325258
1138710.6407701622
1160686.7313844212
1155251.966595421
