1440163.7148998415
49336.97511215879
48190.77106768716
1411130.7741479662
49352.70162923887
1401357.15311908
1252838.8453450582
1337635.739138477
1398805.3987173545
48857.215410457065
50882.74681893667
50115.78727641155
1468372.7590033712
51960.132594034956
1497169.0064929733
33140.276637253184
1382616.0337552743
1252966.0941000746
1505395.918425945
1516636.594070576
1478038.5869086424
50769.26689601963
49219.786797778484
1361800.277275428
50202.64527459659
1408155.564060727
1354810.618051204
51847.588532550115
1505893.166167611
49996.334583071635
