2098211.5968564125
2321669.0007140525
2207110.231745564
1914036.160522785
1880516.49928264
1891072.3866633603
1024820.6571668719
1390122.03286469
1477106.8553357234
1965373.6938287802
1641053.8918407112
2215129.8138876567
1739278.1316348196
1107646.804060549
1833198.861873189
2036722.445055212
2084333.3498981264
1141748.3762433375
1615250.1838879497
1722513.850159549
1436164.4792483454
1248929.226518021
2156587.5529595655
2129531.5268659974
1712904.6617523942
1654792.7910867026
1947333.8688035954
1567618.3570726456
2074796.072320744
1777940.55309697
