3577780.81070015
3194856.9121668455
3153398.6421971447
3413333.3333333335
3923870.822886652
3349146.804008464
3166540.084706735
3247018.7499032314
3302497.559131996
2880109.8674723613
3279926.1796399695
3106178.581214684
2972554.411379083
3397573.1065208586
3142954.342792486
3335563.243071295
3241047.1980960034
3227529.741293073
3297927.347067149
3203715.245951726
3142106.722002892
3511347.007115948
2953735.2112676054
3059548.176731904
3376322.3775829733
3533533.2771693342
3569316.6539017954
3616184.572408977
3622524.7011676915
3359340.0344399503
