5485116.455464449
5595837.446967473
5434937.08939655
5281500.975886168
5484542.661000327
5302667.576929884
5237903.991208352
5371596.890488327
5478882.8800585205
5437896.565583228
5432051.182428057
5463111.690003256
3694608.23607135
5477165.765624592
5501808.880435496
5548021.164021164
5357257.4464823995
5477022.721337164
5516861.115130151
5345922.659257182
5446865.097916991
5298715.21154162
5398213.596231563
5337894.522500509
5461475.559259356
5452955.095036272
5413402.168301498
5435430.111707228
5262218.653551803
5379174.842573712
4935810.86646975
5191805.612289106
5246618.215478528
5258392.2571586175
5203915.681335997
5256217.652292693
5099271.759084775
5187760.049474335
5248259.465952601
5413122.709204481
5162601.545960317
5379519.802996101
3271790.0714530875
5345173.25313181
5390374.111629461
5366373.674176998
5312607.979734009
5200624.9225046495
4931980.292322707
5302935.74733861
5376003.281252002
5460480.133312503
6140641.836495667
5362600.046027565
5395297.144327245
5444319.833852544
5399812.03733505
5253649.982464051
5348922.386308568
5297778.226876003
