3291793.0888343
3354718.58078655
3136444.125388849
3292128.9755423693
3050358.5402394147
2368057.8139114724
2990889.643172937
2877185.857948387
2946928.222134787
3060173.207549923
2926102.092213672
2981492.4863873525
2804335.2388593587
2685764.048972901
2757686.9719583155
2771535.9962996
3345727.2081874236
3161575.3966758377
2752998.9366869265
2994776.30056978
3508087.0852535525
2947011.045220764
3315078.80052481
3022703.949264918
2975000.177323829
2690691.677037759
3292826.805467235
2833166.0395966037
2344404.6348102647
2971606.705113854
