4587649.027628902
4682867.573994886
3778822.469480607
3687235.389267881
4675246.619776398
4879423.911399621
4271576.824759907
4045354.063386123
4542387.125421012
4712224.606500466
3256624.195414347
4433584.5586292185
4054583.0674941516
4557936.145704288
3490395.8657534933
4572544.9154020585
5180199.5850212425
5075699.158952018
4277239.6773436945
4139415.3524268204
3577567.191804775
5157776.68470241
4212121.272984725
4566869.188388755
3856157.544888709
3686198.4110243972
3479219.928164376
4043443.136574409
2476619.6650842014
4350576.715625259
4796066.458554881
4086979.907625748
4087418.0188081665
3206237.721397066
4273709.522936154
4285849.750674405
3488392.827439369
4542042.796500043
4168832.433829303
3639877.811718967
3378171.538108393
3951038.5561008696
4703927.506000045
5120187.506866707
4175638.89414318
3987132.5905927983
4347870.796533566
4275757.1741678985
4139006.8682403094
3547250.107830617
4280033.062236599
3126810.7946921126
4665573.588137799
3400244.825825071
4105140.351564029
4510101.292500914
3607413.8420387204
4201951.55182432
4276977.98443921
4899487.191467987
