2712617.868091216
5063444.196293837
3992597.9514906905
5171066.809680562
4780214.945921612
5064055.5387865985
5045657.848833712
4918389.268040995
4799523.972994622
4793380.722726338
4997026.305756767
4665210.330789936
2947404.518463863
4776186.843094162
5323126.126354799
5221862.005428151
4991614.6000690255
5129768.602318869
1119672.3980982432
4444719.496428799
3640730.871055944
5117563.65987872
2526263.0399691616
5114568.26856244
3882859.8142953683
2378505.4042712455
4806343.822336305
4034575.169057032
1603633.7220416747
5135232.684843958
