4616989.377511146
4933952.87557788
4866459.3678934425
4862510.143986645
4772437.020685889
4520698.426384997
4464827.923909688
4852552.785330017
4597354.027599663
4513304.351568889
4539388.298448019
4431008.472606647
4709526.162137885
4591214.4929122655
4783485.966492935
4631212.596338582
4656819.292090421
4542141.170864829
4689779.169229049
4462215.413421848
4649385.891012282
4339638.493135095
4341839.713463489
4507580.870499731
4981891.176016439
4584038.995387877
4555065.1607298
4604166.941096402
4612724.213397266
4595792.426367462
4246579.392319452
4527725.722181441
4496129.149827951
4589405.959011281
4597354.027599663
4494683.712506832
4291638.357958498
4574739.3220191095
4504434.301669978
4455815.831128959
4893941.939699431
4757712.289298759
4750868.210907855
4407865.062266828
4412734.350341925
4261031.7573196255
4354009.052028402
4567863.910609658
4540960.959660481
4516706.510736361
4330721.734641198
4516122.919223894
4567068.0981728695
4425678.470434305
4336183.938466628
4606037.710984944
4392355.300499523
4696343.074683686
4367019.626216877
4308434.427997658
