1147113.007329614
1140943.9715791163
1123755.2245204158
1120587.7716774202
1117080.991823581
1111648.1361232954
1137654.33438212
1128295.7351683176
1124399.907781227
1161406.6566982334
1148026.6813375703
1111062.1344409597
1167250.3423018267
1163087.810369976
1168893.0877553807
1160327.103320829
1163274.905702241
1145577.8002348891
1148281.261977507
1130521.8783523717
1172949.7239824825
1178301.0546069525
1145562.1560353423
1176641.6805063065
1167533.02064051
1134230.2315078976
1132882.2660324716
1142376.5374935993
1167156.1466046677
1170164.9104305638
