4525283.214293421
4429464.257426788
4465636.046164985
4474210.6161461
4550321.124804721
4538897.065189161
4345798.536999813
4443966.010468097
4385420.6311034905
4289970.338549658
4417847.061301875
4423298.144964829
4433865.767413343
4515053.393041681
4420687.40184867
3954018.307455905
4459843.055526019
4574539.743477882
4499746.813714973
4517679.498502833
4409904.217177824
4333674.987601256
4448019.003987444
4459843.055526019
4455721.160485696
4074157.106917017
4356948.902531501
4426986.405471587
4552691.906912122
4406522.104555387
