3554314.187414199
3187742.4454307775
2850553.2146255267
3221753.3240646147
3297797.696269214
3210188.586823414
2935255.5040799472
3226238.78897897
2995375.144616
3435673.036754286
3336677.7244775384
2944528.376063576
3249584.7279038057
3017094.189241681
3189924.402597995
3403721.5869898642
2974346.17348386
3555308.418027854
3304917.6194340917
3397215.3600673885
3016877.175820698
2568087.9723739317
3067469.1922331518
3527203.9221952185
3132391.8417338184
3047100.9596873205
3364244.062467415
2485763.8991779913
3261562.388217546
3300938.1099288547
