3209746.391784135
3290450.227114043
3377056.3607085347
2973313.01173218
3209795.5185502633
3438715.1254785894
2633256.7396190404
3064846.695700465
2456170.432053219
3275750.7360923453
3182469.611666692
2970028.536832341
2762136.3187355944
3206213.212249079
2791791.635881973
3339866.064674359
3576712.971253635
2733888.2407003045
2744514.313757566
2752113.803534051
2192584.228547531
2476414.949518805
3005699.953420044
3520897.2012826754
2218903.2196629033
2884725.2694347203
3100667.5488463896
3045883.924940452
1856675.4019406473
2898820.927500173
