3024556.6973138633
2969607.9750214173
3014817.1042890106
2991316.254920979
3375262.7428258737
2907380.912771031
2543065.888159291
2733478.4478825876
2797228.317049585
3281363.145624384
2969860.2978141885
2873637.6217816086
3279592.7782252072
2745412.5347733595
2396553.418583656
3036072.6462008413
3034600.914510621
2882841.6682704203
2964926.7658202793
3077575.0994232716
2920377.1010012394
3055180.0997924027
2685316.9776047734
3727342.5280818995
3306793.651794795
3302419.551678254
2796463.669942528
3470468.4048089893
2628833.5944844875
2765925.0075836508
