1176872.786859487
1137555.598949858
1117107.7688494944
1132359.2617790306
1127513.1990666566
1137700.6225163767
1134739.6158830388
1147006.3499182332
1145640.381306165
1182933.5980686357
1172238.3546253105
1148614.5874981515
1168049.9935948492
1163746.1363875987
1155579.800584636
1164353.4891984477
1170112.6786496416
1157649.7604274768
1173734.21352355
1174615.1411872443
1188545.0021819584
1163426.5615941728
1185571.783514567
1199222.306091173
1189026.82061851
1129550.6631656904
1138318.1577626097
1185347.2979770862
1175286.584938704
1190876.8522698558
