4185556.187567983
4212755.870713726
4109282.9360530623
4000480.7096189614
4151625.291998258
3972593.5537644085
4201867.361250251
4039782.326029376
4050471.7482206835
3986943.089894583
4160768.208241573
4068111.190859537
4126830.324199341
4044222.888603909
4179591.836734694
4171195.576506156
3974927.738132469
3963958.37861848
3979906.4400732536
3984216.275778215
4109202.417924778
4134559.613583715
4173685.991203455
4071863.0772665935
4061965.174611168
4107793.8612814136
3799911.214995606
4020729.123728635
4067913.914671167
4021885.7575728516
