2702498.0509146205
2784396.8241323456
2887644.7504302924
3119670.94840346
3124528.0769975716
3232031.316221402
2949975.031825631
3125086.801674937
2967863.9155415925
3158837.174273234
2799842.461867094
2973818.9604441263
3184861.9917233
2834602.0761245675
3069377.2411269667
2833548.8403829136
3001613.0532794218
3361601.6542305504
2784859.007642204
2276766.0757129984
2979565.103112191
2780115.0674762046
3158884.755004594
1720274.3052137678
2817749.0544362557
3027416.560803788
2859141.910591828
2655110.115147717
3015727.5256864703
2986864.1623642514
