3110117.158534777
3194662.2388434852
3433647.966075332
3145877.429177886
2786376.047140418
3721819.069168996
3219181.677936312
3208395.9947678023
3213681.2908959957
3248099.991481519
3075882.4003930744
3370164.0766869686
3183822.43544004
3319985.752166858
3382203.1916523534
3292180.6565046073
3153090.4662386673
3222050.3168811216
3199560.6072164164
3246792.5346214287
3054134.506160254
3021092.815880836
3370787.022526541
3434238.365047653
3615218.3281904534
2533465.4135156684
3243202.4496234325
3087520.5194078633
3458449.6648169067
3544222.676649034
