4979525.352898576
5107032.924215858
5038566.142905194
5164254.229358024
4898800.499889043
2268797.9055439257
4841238.731719704
4858736.17144512
4823201.2051379355
4900918.417424224
4592873.568252995
2634613.0653266334
4819377.226243824
4887213.06891007
4978520.5583515335
4906938.70865847
4847337.278106509
4846889.155958214
4928908.526840274
4952303.587030958
4912168.271145153
4892058.271224792
4899830.609455497
4835768.72081628
4821149.911492218
4758629.922510523
4896570.08101987
4787307.81961581
4704613.417383599
2384143.242859173
4622433.820450087
4879821.295606851
4567913.658095643
4669885.098423444
4654442.15105311
4612927.137750894
4748232.84352571
4746996.842355444
4695975.010356371
4831423.86508933
4755824.158379917
4822147.620142561
4828698.395155534
4851261.884383169
4878856.331933604
4402451.927113947
4512721.638836289
4801172.161172161
4625900.518363295
4537424.003115602
4751837.039890333
4738255.761409851
4762141.786638812
4822203.060508858
4864935.336078408
4795792.266001967
4759277.876748857
4761060.661096985
4388173.505471742
4467681.426486722
