3861553.9004023313
3399500.72945372
3182976.7858362487
3388706.7454129737
3626753.365787858
3567100.6863237033
3251247.228811063
3547430.1179853682
3262704.0986985913
3769279.9884970705
3731952.4152719574
3215800.2882816573
3614782.1290678433
3405047.9383661174
3566433.3999404786
3809921.063866508
3335961.186669848
3932885.12569505
3709967.7148290654
3721422.8042623797
3377328.287301715
3699235.335103146
3461103.7760760495
3823361.470164628
3260928.449810687
3333283.5310853445
3875182.704300827
3746888.0928346184
3601837.7143642283
3688986.6136607504
