5066196.400531465
4982956.530003683
5033124.53500372
4692507.523802065
5041473.147747488
4793106.837167312
4912916.261581531
4816222.857602168
4984377.710965074
4782067.974780239
4750814.398658904
1193421.5767729306
4842915.699654763
4927866.15597904
4782558.722919042
4864991.764678591
4601287.916186715
4914643.2630678555
4911765.6013958985
4865330.363771344
4791518.9179309085
4861213.940496749
4822923.901294759
4908144.542220558
4837162.956983047
4666352.187263584
4924221.327353628
4852215.962332689
4732161.473023896
874655.1889527004
4701660.146397785
4260772.0438846
4739380.105989899
4504579.431222614
4856485.844960343
4610695.951368049
4794640.999554179
4790041.455866062
4696711.196712317
4827697.9742173115
4933604.658001529
4985325.615394672
4691667.692032349
4913319.120024365
4810202.302857929
4335018.70723691
4742917.236778126
4815282.880235122
4739273.002564942
4651138.858701679
4821981.306692112
4859636.886072136
4822646.629336216
4699500.280112045
4900975.683855061
4838948.752855396
4741469.590775492
4651912.647094706
4349764.586314894
4661062.831996088
