2110214.226059307
2311216.9102250435
1998172.5240225433
1938146.4640863554
1870252.9162059003
1575526.6400216366
1378789.0940887963
1397877.6729056684
1463209.2684135062
1792070.0027344818
1590655.4815612626
2185523.6487366674
1641689.792435623
1503323.9905090285
1839937.8835667816
2070075.4135902396
2386693.7525962093
1579597.0323503935
1621237.679254764
1801421.619787573
1443742.8575362458
1357568.8526235044
2166244.3639894435
1723094.1142155232
1723915.6435855175
1643053.177945353
1926661.7056656468
1358553.8313040717
2137954.868668539
1757608.4178061238
