1068163.4472132735
1078354.766887601
1002707.1609235521
1125425.6934792292
1027794.0052145616
1062467.766040986
1025023.5220227229
1033787.6674175913
1071246.2487389378
1039145.7522978965
1116747.873966271
1068307.64215052
1072838.236723502
1060925.1689667732
1143189.1958189672
1121969.6442806164
1060010.8672302463
1076848.6616105859
1037688.0580509009
1102090.7726951444
1139125.0502438867
1040006.3476949933
1132429.5792710749
1100459.9347747946
1078213.3905733859
1068030.1695381373
1153231.7844377235
1140394.894968379
1070398.7546096032
1087057.8478125648
