3519626.748567161
3211245.434987329
2857895.095460678
3236420.5961557752
3383048.8788514277
3210975.0122488975
2820913.872187025
3042371.049520176
2926183.7487878217
3378933.5460118745
3058990.3292151056
2921170.333535307
3280695.8262937237
3027788.0846333206
3211024.176631808
3431035.7803118303
3018396.925689777
3616964.177920353
2089608.5132671057
3374828.2132569477
3079789.702470115
3273756.4295693845
3047521.6159267602
3557057.2022219393
2433540.2717662486
2982976.7865270823
3440689.7287187353
3382312.288822405
3251121.222221361
3231856.988750193
