823921.456156962
790900.5883240307
812408.7704346479
792170.2834910383
825135.4961569257
812646.4507904032
911333.7012589138
805938.2235672767
1079298.2239445825
816118.8326104764
1164052.9641789636
822861.0889857608
1146166.3323696104
1182070.1355872017
788365.9602462291
1057010.9473599324
1149335.3574491756
802949.6785753941
809244.084977976
1177441.0339619676
1101598.6993988133
1168310.2789368422
823314.9667969402
1069989.1580249749
844252.1945141675
836708.7850049672
1110585.5438403245
1154943.3997593354
1173333.6317275064
1061897.5041900643
