5259117.525359548
5140267.4117921
4526406.440542611
4755716.310448438
4845937.171444086
3970750.7336930796
5136301.7389174625
3453125.205822301
4981654.492547063
4469585.788727742
5078772.17412363
4728853.612338775
3057986.7161469534
5222382.15006101
5209668.364178363
4844481.918248074
4979348.00674312
4913146.458316251
5033305.732560512
4856991.986659873
5156254.917387883
5060084.449270117
4594533.843069811
3846785.4063869985
5139511.573478416
4171237.0590633797
5224203.472585507
4329559.436805814
3962086.13181436
4958099.178438442
4598462.904693513
4405457.58190049
4872508.451342341
4742112.879884225
4739594.327363128
5064116.681155221
4165851.2360577257
4823811.385853939
4591113.981413575
5083943.224930607
4658370.910060197
4187687.4538229597
4977516.16922803
4861946.492326239
4892971.383908261
4661839.926198442
4766308.7080535
3790844.4275733666
4341884.659579094
4930820.6858446095
4869227.643692172
4146167.001117031
5086779.455460554
4500567.627018617
4445049.226888797
4828364.8754432015
4938716.780293664
4893142.630486012
4979702.711687325
5071280.544573011
