4912340.864106438
5031071.874100374
4710425.300135889
5025224.944587552
4579734.451432564
2337427.9010928385
4587347.974450958
4756039.868917893
4732108.083714108
4874433.739700397
4644032.065193322
2502075.3670220063
4685901.976337575
4706355.475763016
4833316.816280437
4782504.190374112
4771242.662783819
4829476.7870302135
4718214.542836573
4626104.603710322
4789385.098487011
4691405.30625028
4844985.560817835
4832091.796177464
4838837.10198431
4635716.969871129
4609783.815270313
4731360.759850647
4627737.934991283
2224351.5429856335
4386704.875855001
4679367.204409041
4597202.858520759
4765063.279634637
4279683.689607673
4489247.565021941
4678114.61330835
4594382.859396223
4698236.888679795
4794476.57803891
4665314.112831465
4608315.021534675
4628401.805321062
4652480.255568373
4844705.746462605
4452457.4849790875
4445426.121609733
4689202.423808779
4469919.219046401
4440296.421765827
4670665.137359272
4898056.801195814
4735153.198311093
4512527.434694668
4595742.069796746
4792011.607846722
4492709.783842841
4614500.407067574
4287120.151275106
4383724.746287064
