4746996.842355444
4898972.1547374325
4735473.964684099
4904643.521171229
4577285.47575655
4773088.740696907
4749254.373549228
4662047.195082641
4865443.240609703
4583588.140797972
4649798.235111525
4424464.651152978
4604116.400838648
4659095.352350485
4813901.226916411
4669469.184182401
4544355.721204373
4689412.133002393
4684855.186587586
4836939.825172406
4552494.247384188
4836549.39403374
4752429.296591734
4508210.711867321
4633514.875001381
4557292.334437986
4726828.498658913
4509858.821758438
4626410.765497463
3909861.5707294336
4451701.373410601
4542633.106615258
4406429.516945769
4560166.128488644
4417102.658073213
4356994.162009432
4311933.547166708
4502500.13418496
4168169.576753754
4541944.426396379
4404856.122663306
4802986.476118498
4789877.34965626
4626665.931277921
4562249.4153478
4414034.644608617
4732481.834183328
4261637.878479984
4358307.096023359
4486174.513872548
4370341.349560289
4463640.040014474
4643106.692939536
4790369.702022682
4680150.414532633
4718373.775212896
4629883.433415754
4634334.01469532
4590360.285426607
4432179.04959158
