1081114.8543281413
1087883.9674540327
1007701.123190582
1127046.6209861615
1043390.3499606954
1070898.8873058914
1045215.6317439432
1040321.0524488186
1079076.0855583055
1074864.4984713634
1160522.944537443
1080232.2047605067
1066029.569120424
1057194.780447599
1142398.3178491567
1106124.9139611118
1065867.0278594499
1069086.423025749
1087582.1332074865
1122558.198041955
1129365.1349270032
1090052.4975310566
1175536.9269532706
1115562.7545008922
1097183.99388928
1066227.394516216
1148325.2750140997
1134279.3088807578
1073788.5552779257
1114172.9313321821
