1871396.128088093
2258365.415161289
2236449.24097407
1832085.8231121362
2090035.4293630188
1900601.3150084058
1880803.2070885985
1895353.6923730422
1959836.084723825
2126109.6129280804
1476160.7117718277
1608115.9109120814
1462938.780065852
1938657.0896367477
1748034.5413929918
2131111.2578945495
1601356.128923878
1671430.3362144886
2021984.7181044666
2285375.5285297064
1897231.2563609635
1449200.1299141047
2320256.2386249853
1082747.5114617322
1784802.6178612006
1964241.5926343938
2106335.623317665
1950875.3651230722
1910035.383641555
1600879.3893129772
