4513644.336830777
4631417.150681301
4422365.382790507
4707147.747040009
4552691.906912122
4713230.700078661
4566720.017420654
4404208.580968982
4495502.679528403
4524014.151350418
4336094.283055929
4419616.024952056
4627329.49405353
4643774.98034787
4469681.049457049
4701976.390928556
4480423.868224838
4610391.865897224
4398481.511776674
4402220.892765305
4386796.636405472
4472588.453581864
4282873.830821387
4559075.642126545
4599925.42387752
4358578.836341719
4389045.969674456
4544749.645136474
4506612.227355754
4591767.384830968
