5276119.553185066
5369740.110101139
5397032.7478607735
5129392.197627491
5179879.71299075
5257930.826992265
5287759.861827259
5504047.0316518815
5314223.44981375
5536742.614251393
5248259.465952601
5245502.751375688
4462595.22492233
5461902.281487655
5193669.976968226
5324950.804270824
5418297.3775997935
5249967.456065688
5423972.895032912
5381314.310641246
5264794.707971933
5362600.046027565
5342586.01143847
5367953.312173646
5431418.100824884
5287293.2634126665
5184489.684923548
5314627.470856563
4855473.877962099
5188016.723152661
5331990.897880834
5158347.579048345
5144554.698328203
4907914.8139480455
5138252.336792071
5186541.196255673
4686163.746871648
5101318.41401119
5162792.186211396
5113819.968543874
5279772.409712869
5129517.659720184
5446865.097916991
5452388.009255649
5382142.948800205
5134666.895183997
5187952.552351973
5159426.279922257
4832091.796177464
5115691.129297833
5132844.642966407
5057216.9236890655
5403150.965514576
5141464.610556767
5220237.2210536795
5220172.2507094145
5188658.518481865
5185387.021400225
5366785.664018016
5204496.835835712
