5426218.35258807
5323463.93532092
5358694.791174253
5231370.983835562
5311127.99473231
5076989.37226136
5405588.204969585
5261624.53741454
5159172.427365987
5261822.5612203935
5153847.288098105
5243207.70048128
3548180.3569917944
5305820.293228422
5297778.226876003
5455153.667069856
5176810.950247467
5495537.328686356
5256876.433504205
5138126.447060553
5351447.490973117
5300858.13586098
5291495.61597174
4931168.510528234
5540911.793069739
4984496.179305264
5390928.370371322
5093574.59469306
4902522.383523856
5076559.228283366
4893256.801530636
5235550.22967845
5192512.627513123
5321302.69851943
5044080.1895301435
5388019.78290192
4799029.737182348
5049059.2384827435
5130270.561182054
5094502.611441758
5099581.752747787
5491004.7784250835
3404937.369604572
5418367.373302846
5113134.219188102
5226547.040498442
5234178.178777782
5016389.991867196
4984910.862847635
5065156.327363629
5092894.26392734
5227328.69712605
6142170.544906058
5206176.455985304
5489280.058631836
5462044.537049095
5032701.791435188
5156381.697032283
5275455.940432169
5457709.073401777
