4458231.292517006
4476837.195401808
4446604.329665204
4277065.211849283
4023660.5558273615
4235729.433863182
3780798.110639372
3990508.7196856537
4063224.381454285
4102450.141335498
3904147.7399657457
3784038.541347143
3658004.0292688883
4583237.537425968
3876794.52814493
4057446.3351165196
4615312.83699025
4271185.33604888
3945946.149359324
4522453.204519969
3914240.1194531284
4044846.906793963
4125653.1318854266
4074434.1473839637
4034381.1319302837
3809471.2175982273
4269793.957162635
4038615.377208608
3884478.032155294
3928906.3744086926
3445494.648123352
3546710.1869625147
4045666.22296815
4380885.931836935
4295198.2058555465
4201656.899574255
4202162.043020449
3925743.862374931
4258868.445635839
4328665.785997358
4083080.876912893
4290101.977149754
4156397.653400983
3554404.549036889
4363294.391794189
4177968.1445547906
4561058.732696093
3844775.4626871143
3825558.4235536624
3532551.1862750878
3834231.335301807
3914970.8311942876
3852827.8662171722
4131301.649839941
4159241.5933679086
3748629.4452537782
4402220.892765305
4577535.251233247
4075027.9324181215
3677504.3181678695
