4121923.0315657062
4307505.237645319
4379970.96939255
4554817.831351468
4476550.509632317
4244344.825492557
4034963.2993102386
4497720.205031419
4203931.001994568
4057995.9171431614
4228129.0322580645
4068347.9475440364
4343593.301782256
4684070.401143572
4281387.420125349
4171485.971734612
4525673.8384514125
4319126.763464113
4189946.4556860863
4102570.5231034076
4375173.679928233
3844951.6894926936
3911174.1064351588
4147232.906511099
4645986.840647777
4584690.386402142
4283573.675395236
4322108.755912327
4231157.380786652
4333137.732964172
3783219.3819565964
4240354.247123764
4241340.465765337
4606594.179022515
4515004.790251569
4483201.504980974
3992217.9284612895
4171402.9975434863
4087019.732034105
4330408.746915556
4749093.05011436
4584790.616835915
4511653.722866424
4217881.960157279
4174059.809921879
4320505.979666045
4115411.560387374
4497816.668811393
4560066.971808783
4137088.0719647277
3835213.006226969
4180133.347950448
4270793.919090918
4016916.9475942384
4037526.8330718214
4208064.370491507
4044417.8736042273
4322153.294449826
3814668.2188591384
4276934.37206836
