5694991.1064644465
6044449.568387832
5795158.616115839
6130141.330877947
5933376.715235535
5302600.538565595
5599348.52550496
5983571.336861777
5699014.905498865
5617421.584121287
5979647.291960709
5633719.2746809935
5444249.166028478
5813955.809375953
5627068.072660925
5868457.577792702
5516498.316498317
5279772.409712869
4267534.898864515
5883769.604129843
5573011.254168826
5586595.274248116
5661246.085735882
5496545.578445248
5475020.885547201
6117623.7219410455
5553898.305084745
5605409.884264828
5627596.570554534
5531339.346943081
