20971520000.0
1505336.4868696367
48555.94729618891
1452748.9046291325
1523141.0600932557
1494453.747977966
1498185.0913883818
49290.33640978007
50276.03667031823
49831.25844866125
1509806.9142272968
1486456.2955402455
50292.10834441962
1373758.33562604
51130.9245676038
51272.759500634136
1356497.5533714315
1560711.9069147848
52283.556280652345
1489153.1188644343
1546697.7409671876
51283.504720393714
1510715.0703976776
1370674.1437175453
1570124.1333872392
1555185.4296286958
51410.033079480476
50254.20626814079
53780.68508087803
54287.35473296026
53816.06376471896
