1097743.9515917965
430183.70199886564
1121918.6253346922
427229.03887563583
420696.2750917511
426405.9753507631
1118045.7741785864
1158570.7024948623
403504.0934322299
305287.85160330014
440077.5168584478
1142298.7572886397
969194.1529062163
1173379.5862416248
434629.38975990383
1188824.6114775334
1195891.9498411866
1164049.7335701599
424566.8092584082
411724.1589175404
434926.843431463
1119376.5679210036
429755.7107054081
421522.8393746558
433675.33368556993
427035.03999218077
1050198.55677021
427564.38485752966
1049622.998941444
424689.32794797985
