4834096.697977295
243351.90928052773
5030830.494650482
243179.0721135449
228281.94096340623
238362.97310398953
235603.2894441199
239688.34772749743
227665.48517893298
4897828.016254846
5110081.750508657
5010996.153019044
4883855.567587708
5079448.736890547
227023.46929938512
227475.46030070793
228470.2048838095
234791.25860600974
4678010.260985947
4745331.945512965
4977929.692136059
223821.67284168352
4856092.252118742
235262.0732748418
5069196.649786684
4796176.144355125
226628.9735543049
5159362.814441233
4592672.404353634
5089371.822406659
