3741974.163157519
3508409.8703471352
3322773.689088878
3715851.022360821
3896060.5638381867
3527233.5844994616
3347623.1523161894
3549711.82897621
3301119.969777344
3123550.789395293
3354906.414973604
3258040.811887802
3249912.055726451
3508791.4202297195
3364217.0781397885
3544761.840370508
3422412.977136609
3331086.2969963625
3551906.2378266687
3462904.0381106497
2525989.183720174
3775081.2294676206
3789748.3623221144
3203250.3684921986
3723669.421781088
3608251.75065811
3803184.505458634
3816785.724035635
3177021.6633843356
3516410.40258891
