4142727.0482492964
4378279.296018706
4220768.216718827
4527970.117995055
4248644.158790936
4511605.193240612
4355455.867082035
4363339.783201215
4377685.234472034
4357537.34909718
4462595.22492233
4557143.788435211
4174350.604112343
4434428.292012475
4374352.34241375
4483105.667072832
4314328.6222715955
4587598.849355224
4288303.615246196
4076176.4077047175
4275016.30789302
4446557.189351935
4572096.318824465
4441707.08461294
4460744.254309933
4121842.0173352463
4046407.7950894795
4109282.9360530623
4469776.314247046
4343503.33971936
