4285981.1365099475
4225700.958118822
4137006.4605217734
4069611.115423426
4059488.39054984
4231029.334624541
4221447.910061697
4057564.0901615554
4113312.8695976227
4088254.673762598
4141336.3086128416
4072851.5662931385
4144855.869477138
4178301.106761105
4050784.698144732
4039120.972246297
4083319.3792714034
4162006.827022307
4073128.4292303957
4087298.5246253093
4115653.85483412
4054426.2928951182
4149489.5132568264
3992445.9335973193
4077325.5305291195
3887178.0613710717
3980548.543228623
4064838.8816203903
4166513.35591604
4141663.4574557375
