4514956.188507826
4566819.463649924
4555065.1607298
4374443.586908909
4341659.938306109
4518555.545979488
4506418.548681694
4444342.721512281
4449717.80182474
4344223.140581466
4539142.668528078
4412687.925429506
4233378.079675404
4392861.332216171
4635358.346687296
4570053.825535531
4541501.813653836
4368247.620237872
4533647.516618927
4349313.53436476
4329872.301768367
4437806.439325807
4489680.050523972
4639768.139028086
4454869.305689796
4488719.0847700685
3557570.102970364
4460459.6258760225
4633668.441635918
4628350.731610426
