3186531.536322611
3390706.5481002424
3128466.685065153
3239345.072598085
3163029.7728575305
2981852.8234549733
2834429.674881907
3487725.6587864524
3112194.108481116
3102066.415205976
2629262.054612472
3205184.166284579
3257560.0360371554
3098491.497126309
3039945.4965826645
3191332.136226679
2978232.2199500115
2862576.2684102044
3536989.8131282465
3152734.9534340072
3371518.600688081
2717116.463469935
3019266.041837631
3440633.280013125
1925255.557544628
2990377.869670612
3410225.055288149
3338350.8436803566
3066549.6870796047
3025691.263354566
