6130858.170230804
5819764.118218399
5786843.2671081675
6254740.6722538695
6158674.967696465
5786284.437209431
5280503.588064963
6056494.303495877
6137676.514918712
5839615.732683606
6103291.522365472
5867144.136078782
6078613.35342966
5950633.468113783
6114145.772594752
5849306.89203135
6220418.81710862
5973855.948498098
5894601.925374183
6280120.38270921
5768141.373856839
6059206.610615122
5896010.571002839
5972069.711812279
5752635.404808602
6274858.997950421
6096992.426555027
5767824.089990237
6151990.378127842
6128081.351177605
