3728899.9919986487
5046143.481033217
4804306.839398417
5107157.294888343
5035118.425949268
5119375.076284633
5063872.120538948
5089557.092585851
4918735.341026363
4895541.341799337
5175405.648853078
4777002.801758502
3336173.4620830086
4830978.680273206
4956927.258760267
5091286.931611274
5130458.821083019
4901262.036084884
2891407.0632354664
4761547.106837559
4847673.424100229
5050700.833293194
3006561.771979499
5131965.397839201
4715456.221612628
3105051.8211430265
5214655.676152823
5066747.2004445465
3110763.0236145724
5147395.807765942
