1149729.172605864
1112836.7586269109
1140770.1952550227
1121489.6495665705
1119585.7245815871
1121249.8061880805
1114765.1827242526
1129574.999259393
1133427.1932550566
1167806.0813952517
1146482.761636886
1141689.3273122704
1158218.7808932606
1158945.253891193
1123087.2217253696
1146266.568281818
1131592.451201252
1143556.9842165676
1146717.8469294577
1140543.7448673812
1130887.6582022507
1179052.9467159542
1168632.542692118
1167936.1552234483
1168730.2334783226
1182063.4728277565
1157630.589702968
1138126.650150464
1155532.0461958917
1135304.7696126332
