984522.9376748728
1098733.1691727354
1040106.9293279472
994012.1860758323
1121675.5987719693
1126465.453803224
961553.0454996665
962256.7575628266
972161.6628924928
1010344.561782163
990268.9634330614
1136070.4670173405
967530.7838876509
991624.5244968355
1171491.8540573302
996998.7615672236
977203.4994117167
985957.8189203675
1149792.20807702
1151285.0143419842
991512.005314157
1167243.845558728
879926.9927517229
1135572.1851005533
1007115.569781039
1169864.641353977
1084023.5707639821
1006006.8213543891
1006537.942818198
974859.5574170186
