5630240.549828178
5182888.070583002
5473663.330157777
5694604.502131588
5580797.27500133
5334025.1548332125
5544427.553569776
5749717.607062565
5355684.096277853
5046568.485898547
5215693.1991991745
5372078.48762744
5383179.1054354105
5271544.020612078
5431910.484873601
5545893.770907985
5344628.362450144
5450262.487655284
5436134.5844782
5453664.118167161
5341021.265758309
5361503.259619072
5267240.989576792
5558387.998780794
5437755.565062943
5479240.747756339
5456005.203252032
5437896.565583228
5104671.031813646
5584661.269706008
