4306178.51789491
4774120.994821012
4720657.287563309
5123126.908513497
4896341.434941981
4448821.052408278
4207515.598980799
4815448.731931895
4299028.330121766
4459179.247288965
4323846.43932209
4425911.9735773
4741255.199855308
4945879.911324938
4762303.99781999
4332734.879396725
4574789.219375457
4652531.863207285
4732909.049875874
4444060.1822420005
4709684.808605724
3991572.055310766
4091165.7123906324
4357627.89344637
5002091.805702973
4758521.947290199
4552395.4240562655
4491410.82614981
4515247.814666495
4557738.030556582
4127520.714833986
4440155.404761652
4505498.802272996
4861157.599499316
4789494.478891896
4346969.57134566
4228939.010495962
4540321.934638825
4330811.16801586
4617192.677315309
4901147.491177639
4733122.686648009
4589456.176824598
4217076.211542329
4207684.436508096
4562547.183152216
4386704.875855001
4689097.576245416
4840400.68319254
4468204.964312347
4123868.3289416763
4472159.254480898
4553235.559125895
4242970.875947113
4353240.8224268025
4535167.164049998
4063933.0284474073
4705405.102201082
4283442.437116392
4314328.6222715955
