4744043.7949599605
5083943.224930607
5121375.36936189
5003464.236293362
4929429.877654636
4595540.654548642
4634948.559557092
4915507.2192012
4801886.72764949
4705510.6803087415
4689779.169229049
4561157.932511935
4783758.753621205
4949498.477732412
4817329.183272652
4875737.003626895
4806288.746032292
4865838.350792932
4833595.316569479
4617345.163918184
4773088.740696907
4778200.045568466
4593477.165699266
4591013.474315612
4964613.417925288
4771785.47862295
4763764.39588397
4834040.983795496
4833149.731511143
4794257.366892989
4412409.396467383
4554273.8012508685
4770591.446769791
4797602.516442665
4564781.681250272
4504724.570127485
4535265.240803616
4641051.629893553
4700448.269679039
4632440.193501359
4942091.929915517
4870019.15820029
4850252.093066284
4635768.20628447
4823644.957620784
4499022.815278836
4361842.365249223
4671133.285816108
4876870.843216594
4766037.907367847
4412084.49044854
4616023.9478781475
4826642.423963452
4565228.843537415
4644494.88965418
4738523.414110603
4602701.72396765
4831535.17411388
4143136.267101299
4532716.623079085
