4221150.5172899645
3986336.808690611
4140477.7887462983
3903857.03648548
4157386.4086908256
4105863.6959884097
4151378.7437892193
4074394.567867655
3830134.784673266
3857398.7897069915
4134559.613583715
3965270.0045378916
4131708.6144904695
3894758.1506346865
4113837.3415983366
3969548.1819386347
3979491.071936849
4063972.404972531
3754367.246101792
3992483.9369853884
3897146.573751452
4149530.565201476
4145593.278972078
4049181.340747606
3985844.3409674047
4132197.077918879
3670970.4523176025
3991534.069280548
4180383.3235326363
4089291.006941736
