3793758.9319633134
4014148.9931858205
3968759.4031206532
3851341.9953170195
3975003.0800724053
4168376.6969450023
3676215.017573383
4167051.4832992232
3882787.924793794
4024587.159484537
4039393.26816584
3875433.344421037
3810924.9500272577
3894975.1590286484
3725157.6460557403
3709672.3979339134
3825802.685347344
3676956.2549311826
3881278.8599454034
4218306.162062134
3715258.561128138
3843612.7707928596
3756418.316809515
3748897.4892966636
4033100.9548352356
3916067.410485038
3859315.4214206845
3857576.175629317
3813939.7852200083
3848585.5592156574
