2206100.261409719
1814694.7605243803
1688589.3611282213
2533572.537436046
1570035.9727041665
1924804.9635626045
1517130.3212364765
1653996.6717405536
1672490.0511200964
1720239.0278113862
1864483.147965398
1800826.070155854
1770660.0021952228
1495983.5361003813
1671990.0182175501
1579656.5230491112
2036168.7460556338
1652543.4480258778
1542273.0147523864
1618991.0795965553
1667317.5385593893
2067942.314803402
1749565.7687270057
1116126.7832385555
1904372.3836074208
1584460.2685907485
1940414.97999121
2070218.4578631998
1701046.3475171553
2108612.3078934005
