1715370.552894938
1879850.6626508725
1697741.3661901138
2141294.7921399656
1954156.5914226477
1741892.935753146
1614435.7197844496
1574024.84332195
1889726.2032952923
2367790.448233036
1873862.5397619642
1489523.3089595756
1571771.6187249862
1362596.6077247194
1710466.7759589583
1591615.2167726022
2171504.307488403
1918799.5791207284
1701115.3381299633
1670485.0587256006
1781542.7874833816
1785152.0503926284
1966949.7605972642
1900497.972314733
1882956.3054711313
1577161.7658118373
1722018.8119177727
1555583.4127634638
1456360.6123632374
1314676.35415328
