1501709.2609433515
49080.69303843053
1298055.8426848063
1466058.0089061637
1403866.5452792803
1419296.1559285328
50075.047432938445
1366027.0189288831
12566.314035432579
49200.22583073322
1499449.0978575232
1458411.5106712936
1483370.4090113349
49294.88971038472
49061.403136310044
1290773.5155180108
1510617.1327726855
1498666.8762885493
1529617.878529281
49565.86334190569
49253.784099226614
49112.054250250054
49012.60890609308
51217.337118631585
50501.498680482095
51849.01139235781
51475.455265192904
50039.04170130909
1467833.1956829093
1304089.5198475253
