59918628571.42857
1523152.1225986853
1491780.1544310912
1235668.5796438798
1560253.253081965
1559487.496003034
1577493.944727776
1551354.4702697105
1545147.9093755756
1563242.2439882522
1544038.727015038
1344328.2051282052
1491737.7093491815
1363482.5123448963
1564396.7028458468
1456815.8689030213
941799.4835522623
1532787.3585271104
1522074.2837443072
1541989.5149371705
1543521.6533694468
1532933.011223882
1395556.7681593895
1431703.4124228987
1485498.1406056313
1514796.1818634905
1496335.7770999447
1532966.6273158216
1436543.2301727564
1494405.8261213466
1496613.4171623497
