1140354.5881399757
1065477.130990334
1133460.8857325076
1114084.1478963026
1111880.941398525
1115725.967344637
1125860.70832282
1116964.9728768151
1117202.9864501676
1133626.3142247088
1125181.1453267054
1171403.5156315458
1162626.7806109863
1138599.358260898
1101876.5220635175
1127528.354180612
1120788.3963786783
1152445.9538175783
1086683.2654097567
1161162.2962437987
1119400.4675840423
1154930.6788925144
1155487.4789939118
1158849.1919864507
1153114.4755688864
1164395.5104341044
1154921.1384262932
1136061.235600506
1168333.0594235638
1146467.0927111409
