983657.0911282625
1101995.2182023593
1044747.0022368021
989995.4917636174
1118069.6170475932
1108062.3259696823
956086.574955265
949534.7752658912
971726.9723886441
1017420.0543846074
993070.7908238765
1125918.1312294812
976280.0235556456
991854.3304759089
1145662.2862964794
964484.9669445243
954580.8137245753
976909.8904375046
1149165.312737166
1160416.9894424647
985879.0235004865
1176843.0680998757
865840.3864415177
1110388.5548787105
993261.2793528403
1118898.7888811822
1069380.8035327292
1013895.6976614888
984520.6267237838
981608.2323673205
