4608061.875830852
4473065.438102551
4292824.318100404
4515539.478500527
4464400.212879191
4635614.500442087
4690618.324964493
4419476.318423687
4397098.167484379
4468014.572725142
4487518.4559091
4616887.734322542
4701291.2482066
4474019.712420532
4328174.435283313
4509422.440115254
4369294.234074691
4647428.254847646
4472254.624940023
4636485.635010999
4385374.779126544
4693295.139199713
4510101.292500914
4580984.938673424
4577235.523932165
4592471.2580751125
3838055.672480372
4196234.267763171
4575288.252811624
4563788.300835654
