1494363.231495502
48661.279508623986
1246672.2149566044
48833.045816723556
1366529.9366958698
1456456.698381832
1469520.005605774
49282.4367493903
49900.895486021385
49087.89619306132
52235.01462511764
1477622.0253298339
1518877.4013652247
50852.055733887224
50169.156123614346
49719.8688789812
52859.78565486372
1338322.9100191449
48499.30170230155
1349036.8626391476
50175.54785657437
49418.53772497266
1461613.3034108807
50006.87336027436
1366302.9102683545
50751.955393789205
49431.93925097065
50747.07983459151
49654.715198639984
51414.41921607642
