3571596.202154383
3624622.1384930476
3608717.423662316
3663435.5538863316
3326647.73718691
3866038.6575845
3462875.44789551
3057340.2921538325
3516263.004786935
3546890.142321971
3572569.6958340076
3692136.512882809
3234000.030841828
3495777.6999883316
3107674.525436036
3650299.818107447
3442271.044834916
3502228.605305567
3754333.640651993
3801288.7555624032
3441169.617511445
3649188.258017366
3658737.940299028
3459505.1138238204
3923283.5709207915
3800772.060822444
2716359.797680187
3306585.0985833327
3708130.951012722
3095358.7743444797
