5428395.413247742
5361023.556629216
5294969.260096196
5389542.937177955
5084621.166201964
4955755.892952088
4979880.083110715
5140393.406458729
5229805.4862842895
5225960.951419778
5161458.000049223
5289293.550909229
3655549.164182747
5246027.616569942
5390997.660728516
5219717.503577873
5277845.727947653
5311397.021578361
5237903.991208352
5223357.700594029
5108587.99313058
5261360.528857612
5200302.523092182
5284961.505991457
5278509.942109237
5245371.551486956
5327859.356740003
4792449.63950685
5141527.63646616
5124691.795467041
4791573.656251785
5151188.838671645
4969260.114922102
5159426.279922257
5087581.572499454
4904758.229550371
4919831.5601797
5088445.673800165
5141464.610556767
5186733.608685974
5160632.420793602
4976216.9729614295
4975390.564761984
5089371.822406659
5194506.161372221
4914067.4610148445
5222512.202410598
4822480.281463426
5026429.384624603
5184361.519350333
5244125.479801453
5275588.649627692
5196501.2265530145
5264530.381192654
5235550.22967845
5045900.6532488
5299250.780174102
5203463.7620028285
5107343.862255397
4940287.396937573
